x_osa,y_osa
0.0,0.0
183.0,89.0
246.0,121.33333333333333
277.5,137.5
289.6,151.6
241.33333333333334,126.33333333333333
206.85714285714286,108.28571428571429
227.0,119.25
242.66666666666666,127.77777777777777
218.4,98.0
218.4,65.33333333333333
218.4,93.0
217.8,196.0
220.2,127.86666666666666
257.0,140.53333333333333
293.0,140.66666666666666
293.0,139.46666666666667
292.8,138.0
329.4,135.06666666666666
366.4,147.06666666666666
367.0,158.53333333333333
367.6,156.93333333333334
368.8,155.73333333333332
369.8,167.6
370.8,179.6
372.6,179.2
376.2,175.73333333333332
379.6,171.86666666666667
383.0,168.4
386.2,165.33333333333334
389.2,162.93333333333334
392.0,161.33333333333334
394.2,160.0
396.4,157.73333333333332
398.4,155.2
400.4,153.2
399.4,150.8
397.6,147.33333333333334
397.2,144.13333333333333
396.6,140.8
394.8,137.46666666666667
394.4,136.0
394.0,134.93333333333334
393.4,134.53333333333333
389.2,137.2
385.0,139.86666666666667
382.4,140.26666666666668
381.0,140.66666666666666
381.6,141.2
382.0,140.53333333333333
383.6,139.86666666666667
383.8,139.6
384.0,140.0
384.2,140.13333333333333
388.6,140.26666666666668
393.0,140.4
392.6,144.26666666666668
392.2,148.13333333333333
388.2,151.2
384.4,150.8
384.4,147.6
384.4,146.53333333333333
384.4,145.46666666666667
384.2,145.33333333333334
383.6,145.6
383.2,146.0
386.4,146.4
386.8,147.2
388.6,146.66666666666666
390.4,146.13333333333333
389.4,145.86666666666667
388.6,142.4
387.6,139.2
387.0,136.13333333333333
384.8,134.0
382.4,134.66666666666666
379.0,131.2
381.8,130.8
383.4,130.26666666666668
384.8,129.73333333333332
385.2,129.06666666666666
382.6,131.73333333333332
380.2,134.0
378.2,136.93333333333334
377.8,139.86666666666667
377.2,143.33333333333334
377.6,146.8
378.0,146.8
378.4,146.8
379.0,145.73333333333332
380.0,145.06666666666666
384.0,148.66666666666666
387.6,149.06666666666666
390.8,149.46666666666667
390.6,152.8
390.6,156.13333333333333
392.8,152.93333333333334
391.8,149.73333333333332
390.8,147.2
387.2,147.86666666666667
383.2,147.73333333333332
382.4,144.53333333333333
382.0,144.53333333333333
380.0,144.0
382.8,144.13333333333333
385.6,143.86666666666667
386.0,143.46666666666667
386.2,143.2
386.6,142.8
386.4,135.86666666666667
387.8,132.26666666666668
386.0,131.86666666666667
386.2,132.13333333333333
388.0,132.4
388.2,129.06666666666666
388.4,125.73333333333333
388.8,125.46666666666667
389.2,125.2
387.8,126.13333333333334
389.6,126.53333333333333
388.2,128.93333333333334
386.8,131.46666666666667
379.8,133.73333333333332
371.4,135.6
363.2,141.06666666666666
357.8,141.06666666666666
352.4,141.06666666666666
343.8,142.66666666666666
336.8,144.26666666666668
298.8,135.73333333333332
293.4,137.73333333333332
288.0,139.73333333333332
288.0,137.6
289.4,134.8
289.4,136.0
286.6,135.2
282.4,134.13333333333333
282.6,133.6
282.8,133.6
282.8,123.2
251.8,114.93333333333334
255.0,114.93333333333334
256.4,112.66666666666667
223.6,102.13333333333334
192.2,102.13333333333334
160.8,91.6
130.8,81.06666666666666
99.6,74.66666666666667
97.2,76.66666666666667
126.0,74.66666666666667
157.0,74.8
153.8,75.2
150.4,75.2
181.2,75.2
209.2,83.6
237.2,92.0
237.2,83.73333333333333
237.2,75.46666666666667
235.8,83.73333333333333
207.0,83.73333333333333
176.0,83.73333333333333
175.0,94.26666666666667
174.2,104.8
174.4,106.8
177.4,108.8
149.4,98.26666666666667
149.4,87.73333333333333
149.4,77.33333333333333
155.4,73.6
188.8,71.86666666666666
216.6,71.86666666666666
214.4,80.26666666666667
212.2,88.66666666666667
181.2,80.4
150.2,80.4
177.4,88.53333333333333
204.6,86.13333333333334
204.6,75.6
171.2,65.2
137.8,54.8
110.0,54.8
82.2,54.8
87.2,61.06666666666667
120.0,60.666666666666664
120.0,54.0
92.8,45.6
65.6,37.2
65.6,28.8
65.6,28.8
65.6,28.8
93.8,29.066666666666666
93.8,20.933333333333334
61.0,20.933333333333334
28.2,20.933333333333334
28.2,20.933333333333334
28.2,20.933333333333334
28.2,20.933333333333334
28.2,14.666666666666666
56.2,16.933333333333334
56.2,16.933333333333334
28.0,16.933333333333334
28.0,16.933333333333334
28.0,16.933333333333334
60.8,23.066666666666666
93.6,29.2
93.6,20.8
93.6,20.8
93.6,20.8
95.8,31.2
126.0,41.6
156.4,51.86666666666667
186.8,62.13333333333333
186.8,62.13333333333333
154.0,53.6
154.0,60.0
186.8,66.13333333333334
219.6,72.26666666666667
247.2,79.86666666666666
244.6,81.33333333333333
243.4,84.93333333333334
242.0,94.66666666666667
245.0,101.06666666666666
278.4,107.46666666666667
306.6,106.93333333333334
302.0,106.4
302.4,102.4
302.8,98.4
308.4,104.8
311.2,115.2
312.6,119.2
313.6,123.73333333333333
310.2,128.26666666666668
307.0,131.2
309.0,134.13333333333333
313.6,131.73333333333332
310.6,132.26666666666668
307.6,136.13333333333333
307.4,136.13333333333333
310.0,132.66666666666666
307.4,131.06666666666666
305.2,133.06666666666666
303.2,133.86666666666667
273.0,127.46666666666667
242.8,117.06666666666666
210.0,106.66666666666667
179.8,96.0
182.4,91.46666666666667
182.2,87.06666666666666
176.8,84.8
176.6,85.73333333333333
178.8,85.6
150.8,75.33333333333333
150.8,68.93333333333334
183.6,68.93333333333334
216.4,67.06666666666666
249.2,65.06666666666666
249.2,64.26666666666667
249.2,70.53333333333333
254.4,76.8
259.8,83.2
229.8,83.2
258.0,86.93333333333334
286.2,90.66666666666667
280.0,91.86666666666666
273.8,93.06666666666666
261.8,92.8
249.8,102.66666666666667
217.0,102.66666666666667
205.2,105.86666666666666
193.2,109.06666666666666
193.2,102.8
165.0,96.53333333333333
157.6,100.13333333333334
151.8,103.73333333333333
125.2,97.33333333333333
104.4,97.33333333333333
83.6,87.46666666666667
104.8,87.86666666666666
104.6,88.26666666666667
104.4,88.66666666666667
104.4,78.8
104.4,68.93333333333334
83.6,68.93333333333334
62.8,59.333333333333336
83.8,59.86666666666667
104.8,70.0
104.8,70.0
83.6,60.13333333333333
85.6,59.46666666666667
87.6,68.66666666666667
108.2,78.4
128.8,88.13333333333334
149.4,87.6
149.4,77.73333333333333
128.4,67.86666666666666
128.2,77.73333333333333
149.0,87.6
169.8,97.33333333333333
147.0,97.33333333333333
124.2,87.2
103.6,77.06666666666666
83.0,77.06666666666666
83.4,87.06666666666666
83.4,77.86666666666666
83.4,68.66666666666667
62.6,58.93333333333333
41.8,49.2
42.8,50.0
64.0,60.266666666666666
85.2,70.53333333333333
85.2,60.666666666666664
85.2,50.8
64.2,41.06666666666667
64.2,41.06666666666667
64.2,41.06666666666667
64.2,41.06666666666667
64.2,41.06666666666667
42.4,31.066666666666666
21.2,31.066666666666666
21.2,41.46666666666667
42.4,51.86666666666667
42.4,51.86666666666667
42.4,41.333333333333336
42.4,31.066666666666666
63.4,30.533333333333335
63.4,30.533333333333335
63.4,30.533333333333335
63.4,30.533333333333335
63.4,30.533333333333335
42.2,30.533333333333335
21.0,30.533333333333335
42.0,40.266666666666666
63.0,50.0
84.0,59.733333333333334
63.0,49.333333333333336
63.0,38.93333333333333
63.0,38.93333333333333
63.0,38.93333333333333
63.0,38.93333333333333
63.0,29.2
63.0,29.2
42.0,29.2
21.0,29.2
0.0,29.2
25.4,39.46666666666667
46.2,49.46666666666667
67.0,49.733333333333334
67.0,40.0
67.0,30.266666666666666
67.0,30.266666666666666
67.0,30.266666666666666
67.0,30.266666666666666
67.0,30.266666666666666
67.0,30.266666666666666
41.6,30.266666666666666
20.8,30.266666666666666
0.0,30.266666666666666
0.0,30.266666666666666
0.0,30.266666666666666
0.0,20.0
0.0,10.0
0.0,0.0
0.0,0.0
28.0,8.933333333333334
56.0,17.866666666666667
56.0,17.866666666666667
56.0,17.866666666666667
56.0,17.866666666666667
76.8,27.733333333333334
97.6,37.6
97.6,37.6
97.6,37.6
97.6,37.6
69.6,37.6
41.6,37.6
41.6,37.6
41.6,37.6
41.6,37.6
41.4,38.4
41.2,39.2
41.2,39.2
41.2,39.2
41.2,39.2
41.2,29.333333333333332
61.8,29.333333333333332
85.4,39.733333333333334
109.0,50.13333333333333
143.4,60.666666666666664
157.2,71.2
172.0,82.26666666666667
207.4,93.33333333333333
243.4,104.93333333333334
279.4,117.06666666666666
315.4,119.46666666666667
331.4,122.0
343.6,134.93333333333334
355.8,147.86666666666667
357.6,160.8
360.0,173.73333333333332
361.4,176.8
361.6,179.6
361.2,182.4
361.6,185.06666666666666
362.0,187.73333333333332
362.8,189.33333333333334
364.4,190.93333333333334
365.2,192.4
365.6,193.33333333333334
365.6,194.13333333333333
365.6,194.8
366.0,195.06666666666666
367.0,195.2
367.2,195.33333333333334
368.0,195.2
367.8,195.06666666666666
367.2,194.53333333333333
367.4,194.0
364.8,194.0
364.6,193.6
364.4,193.73333333333332
365.2,193.6
365.4,193.06666666666666
365.4,193.2
364.8,193.46666666666667
364.2,193.33333333333334
364.2,192.93333333333334
364.2,192.66666666666666
366.4,193.06666666666666
366.0,193.73333333333332
366.0,193.6
365.8,193.6
365.8,193.6
366.0,193.06666666666666
366.0,193.33333333333334
365.6,193.86666666666667
365.0,194.66666666666666
365.0,194.93333333333334
365.6,194.53333333333333
366.2,194.13333333333333
366.4,194.13333333333333
366.6,194.13333333333333
366.6,194.13333333333333
366.2,194.0
366.0,193.86666666666667
366.4,194.0
366.8,194.13333333333333
366.8,194.13333333333333
366.8,194.4
366.8,194.26666666666668
366.8,193.6
366.6,192.8
366.4,192.93333333333334
366.6,193.06666666666666
367.2,192.8
367.6,192.53333333333333
367.8,192.8
367.8,193.06666666666666
368.0,192.66666666666666
368.0,192.0
368.0,191.86666666666667
368.4,191.73333333333332
368.8,191.73333333333332
369.2,191.6
369.2,191.46666666666667
369.0,191.73333333333332
369.0,192.13333333333333
369.0,191.86666666666667
368.8,191.6
368.8,191.73333333333332
368.8,192.0
368.6,191.73333333333332
368.4,191.46666666666667
368.2,191.33333333333334
368.2,191.33333333333334
368.4,191.33333333333334
368.6,191.33333333333334
368.6,191.73333333333332
368.6,191.46666666666667
368.6,191.2
368.8,190.8
369.0,190.4
369.0,190.66666666666666
369.0,190.93333333333334
368.8,190.93333333333334
368.6,190.93333333333334
368.4,190.93333333333334
368.4,191.06666666666666
368.4,191.2
368.4,191.2
368.2,191.2
368.0,191.2
368.0,190.66666666666666
368.0,190.66666666666666
368.0,190.8
368.0,190.93333333333334
368.0,191.33333333333334
367.8,190.8
367.6,190.66666666666666
367.4,190.8
367.2,190.8
367.0,190.8
367.0,190.8
367.0,190.8
367.2,190.93333333333334
367.4,191.06666666666666
367.4,191.33333333333334
367.6,191.73333333333332
367.6,192.0
367.6,192.13333333333333
367.6,192.13333333333333
367.6,191.86666666666667
367.6,192.4
367.6,192.53333333333333
367.4,192.53333333333333
367.0,192.26666666666668
366.8,192.0
366.4,191.46666666666667
366.2,190.93333333333334
366.2,190.66666666666666
366.2,190.4
366.2,190.26666666666668
366.2,189.2
366.2,188.26666666666668
360.4,188.53333333333333
354.8,188.93333333333334
348.8,189.6
343.0,190.0
337.4,190.13333333333333
331.6,190.4
325.8,191.6
319.6,192.4
313.2,193.33333333333334
306.0,193.06666666666666
304.6,192.66666666666666
303.0,192.26666666666668
301.8,191.6
301.2,191.86666666666667
300.4,192.13333333333333
301.0,191.06666666666666
301.6,190.0
301.8,189.06666666666666
302.0,188.13333333333333
303.8,187.2
304.8,186.66666666666666
306.0,185.46666666666667
307.6,184.66666666666666
308.6,183.86666666666667
324.0,181.6
338.0,179.33333333333334
337.4,180.66666666666666
337.4,181.06666666666666
337.4,181.46666666666667
336.6,182.26666666666668
336.6,183.2
336.6,183.73333333333332
336.2,183.86666666666667
336.8,184.66666666666666
322.2,184.8
307.6,184.53333333333333
308.0,185.2
308.6,185.86666666666667
308.8,186.8
309.0,190.4
309.2,194.0
309.4,194.0
309.6,195.06666666666666
309.0,196.13333333333333
309.2,196.8
309.2,197.33333333333334
308.8,198.26666666666668
308.4,198.93333333333334
308.4,198.93333333333334
308.4,200.4
308.4,201.86666666666667
307.4,202.93333333333334
306.4,204.0
306.8,203.86666666666667
307.2,203.73333333333332
308.6,203.33333333333334
308.8,202.8
309.0,202.13333333333333
309.0,201.06666666666666
309.0,200.0
309.0,199.73333333333332
310.0,199.46666666666667
311.0,198.8
310.2,199.06666666666666
309.4,198.8
308.0,198.13333333333333
307.8,196.93333333333334
307.6,195.33333333333334
307.6,194.66666666666666
307.8,195.06666666666666
307.8,195.46666666666667
307.8,196.0
308.2,196.4
308.8,197.2
309.4,198.13333333333333
309.8,198.4
310.0,198.93333333333334
310.2,200.13333333333333
310.4,200.13333333333333
310.4,200.0
310.6,200.26666666666668
310.8,200.8
310.6,201.73333333333332
310.8,202.26666666666668
311.0,201.73333333333332
310.4,201.33333333333334
310.0,200.93333333333334
310.0,200.93333333333334
310.0,200.93333333333334
309.8,199.86666666666667
309.6,198.8
309.4,198.4
309.4,197.2
309.0,196.26666666666668
309.0,195.33333333333334
309.8,194.4
310.4,194.13333333333333
310.6,193.86666666666667
310.8,193.86666666666667
311.4,194.26666666666668
312.0,194.8
312.4,195.33333333333334
312.6,195.6
312.6,194.66666666666666
312.2,194.66666666666666
312.0,195.86666666666667
312.2,196.13333333333333
312.4,197.2
312.4,198.26666666666668
312.2,199.46666666666667
311.8,200.53333333333333
311.6,200.66666666666666
311.8,200.8
312.2,201.06666666666666
312.4,201.06666666666666
312.2,200.93333333333334
311.8,200.8
311.6,200.8
311.6,202.0
311.4,202.93333333333334
311.4,202.66666666666666
311.2,202.66666666666666
310.6,202.66666666666666
310.2,201.73333333333332
310.0,200.8
310.0,200.53333333333333
310.0,200.26666666666668
311.2,199.86666666666667
311.2,199.86666666666667
311.4,199.73333333333332
311.6,199.73333333333332
312.0,199.73333333333332
313.2,199.46666666666667
314.2,199.2
314.4,199.46666666666667
314.4,199.46666666666667
314.4,199.2
313.0,198.26666666666668
312.8,198.26666666666668
312.6,199.06666666666666
312.4,199.33333333333334
312.0,198.66666666666666
311.0,199.2
310.0,199.33333333333334
310.0,198.66666666666666
310.2,198.0
310.0,197.73333333333332
309.8,197.6
309.8,197.6
309.8,197.33333333333334
310.0,196.66666666666666
310.4,196.93333333333334
310.6,197.86666666666667
305.0,196.93333333333334
299.2,195.2
293.0,195.33333333333334
287.2,196.4
280.8,192.13333333333333
274.2,187.86666666666667
268.2,188.26666666666668
262.0,188.66666666666666
254.4,185.06666666666666
246.8,181.46666666666667
244.8,177.73333333333332
240.4,177.06666666666666
236.4,177.06666666666666
235.0,173.2
234.2,169.33333333333334
231.0,170.13333333333333
227.2,170.93333333333334
227.2,170.4
228.0,167.86666666666667
228.8,169.6
228.8,169.86666666666667
231.2,166.26666666666668
234.0,164.4
234.2,166.13333333333333
234.8,167.86666666666667
234.4,170.53333333333333
234.0,170.13333333333333
232.4,167.46666666666667
231.4,167.73333333333332
231.2,169.06666666666666
232.0,167.6
232.8,166.13333333333333
233.2,164.13333333333333
232.2,164.66666666666666
231.4,163.33333333333334
234.0,163.46666666666667
237.4,164.93333333333334
238.2,164.66666666666666
239.2,164.13333333333333
237.0,164.4
234.8,163.73333333333332
234.8,162.66666666666666
234.8,163.86666666666667
236.4,165.06666666666666
239.4,165.2
242.4,165.33333333333334
242.4,165.33333333333334
242.4,165.33333333333334
242.2,164.93333333333334
244.4,166.4
246.0,166.26666666666668
246.2,166.4
246.4,166.53333333333333
245.2,166.8
242.0,166.26666666666668
240.4,165.73333333333332
241.0,165.6
240.4,164.0
241.2,165.6
242.0,167.2
241.2,167.6
239.6,168.13333333333333
238.6,166.93333333333334
238.8,165.6
241.0,165.33333333333334
241.6,166.66666666666666
240.6,165.33333333333334
241.4,165.33333333333334
240.8,165.46666666666667
239.6,164.0
240.6,162.53333333333333
242.8,164.4
244.4,167.73333333333332
221.0,154.93333333333334
195.6,142.13333333333333
193.6,141.86666666666667
193.2,141.6
195.8,142.66666666666666
198.4,143.73333333333332
198.4,143.86666666666667
199.4,145.86666666666667
199.2,148.93333333333334
195.8,150.53333333333333
217.4,152.13333333333333
241.2,152.8
241.6,153.46666666666667
243.4,153.46666666666667
241.6,153.73333333333332
239.8,166.93333333333334
239.4,176.93333333333334
238.0,175.6
237.6,175.46666666666667
240.4,175.73333333333332
242.0,176.26666666666668
243.2,178.26666666666668
244.4,178.4
242.0,177.33333333333334
239.6,176.4
238.8,175.06666666666666
237.0,177.6
238.8,180.53333333333333
239.6,180.8
239.0,177.46666666666667
239.6,174.13333333333333
239.6,177.06666666666666
239.8,180.4
242.2,182.53333333333333
241.0,184.0
238.2,185.2
241.4,185.06666666666666
241.8,185.2
242.2,186.53333333333333
241.4,186.53333333333333
240.6,186.93333333333334
240.4,187.06666666666666
240.0,186.8
239.8,186.53333333333333
239.4,189.06666666666666
239.0,191.6
239.4,191.6
239.0,191.2
234.8,190.26666666666668
233.2,190.0
234.8,188.53333333333333
233.4,186.93333333333334
232.0,185.06666666666666
232.0,184.66666666666666
235.8,185.6
239.8,186.66666666666666
239.8,186.66666666666666
238.0,185.2
240.0,183.73333333333332
243.8,184.4
240.6,184.66666666666666
238.6,184.4
239.8,182.66666666666666
239.4,181.46666666666667
214.4,169.06666666666666
189.2,157.86666666666667
199.6,162.8
211.8,167.73333333333332
224.8,171.06666666666666
236.0,174.4
250.4,177.46666666666667
264.8,180.53333333333333
276.8,185.73333333333332
289.0,190.66666666666666
325.8,194.0
362.4,197.6
363.4,201.2
364.8,206.4
365.4,211.6
366.0,228.13333333333333
367.2,244.66666666666666
368.4,244.93333333333334
368.8,244.93333333333334
369.0,245.06666666666666
369.2,245.73333333333332
369.6,246.53333333333333
369.8,246.93333333333334
369.8,246.8
369.8,246.93333333333334
370.0,247.46666666666667
370.2,248.13333333333333
370.2,248.66666666666666
370.2,249.06666666666666
370.2,249.46666666666667
370.2,249.73333333333332
370.2,250.0
370.4,250.26666666666668
370.4,250.8
370.4,251.33333333333334
370.2,251.33333333333334
370.2,251.06666666666666
370.4,251.2
370.4,251.2
370.4,251.2
370.4,250.53333333333333
370.4,249.86666666666667
370.4,249.33333333333334
370.4,248.8
370.4,248.53333333333333
370.4,248.0
370.2,247.46666666666667
370.0,247.2
370.0,246.93333333333334
370.2,246.66666666666666
370.4,246.4
370.6,246.26666666666668
370.8,246.26666666666668
371.0,246.26666666666668
371.0,246.0
371.0,246.0
370.8,245.86666666666667
370.6,245.73333333333332
370.8,245.86666666666667
370.6,245.86666666666667
370.4,246.13333333333333
370.2,246.13333333333333
370.0,245.86666666666667
370.0,245.86666666666667
370.2,245.86666666666667
370.2,245.73333333333332
370.4,245.73333333333332
370.6,245.33333333333334
369.0,244.26666666666668
367.6,243.46666666666667
367.6,243.73333333333332
367.6,244.13333333333333
367.4,244.26666666666668
367.0,244.13333333333333
367.0,244.26666666666668
367.2,244.4
367.2,244.4
367.2,244.4
368.6,244.4
370.0,244.4
369.8,244.26666666666668
370.0,244.4
370.4,244.8
370.8,245.73333333333332
370.8,246.66666666666666
369.6,246.0
368.6,245.33333333333334
368.8,245.46666666666667
368.8,245.6
368.8,245.33333333333334
369.0,245.06666666666666
368.8,245.2
368.4,245.33333333333334
368.0,245.2
367.6,244.8
368.6,245.06666666666666
369.6,245.06666666666666
368.4,244.26666666666668
367.4,243.6
367.6,243.73333333333332
367.8,244.4
367.6,244.4
367.6,243.86666666666667
367.8,243.73333333333332
368.2,243.73333333333332
368.4,243.73333333333332
368.6,243.86666666666667
369.8,244.0
370.8,244.26666666666668
370.6,244.8
370.6,244.93333333333334
371.0,245.06666666666666
371.2,245.73333333333332
371.2,246.4
369.4,245.33333333333334
367.6,244.26666666666668
365.6,243.86666666666667
365.4,244.4
365.4,244.53333333333333
364.4,244.0
363.2,243.46666666666667
363.2,243.46666666666667
363.4,243.46666666666667
363.4,243.46666666666667
365.2,243.46666666666667
367.0,243.46666666666667
368.6,243.2
368.4,243.2
368.2,242.93333333333334
369.0,243.6
368.2,243.46666666666667
366.0,243.33333333333334
363.8,242.26666666666668
361.8,241.2
359.6,240.66666666666666
357.6,240.13333333333333
357.6,239.73333333333332
357.8,239.46666666666667
358.0,239.06666666666666
358.0,238.66666666666666
359.6,238.26666666666668
361.4,238.13333333333333
362.6,238.13333333333333
363.8,238.4
357.6,238.26666666666668
351.2,238.93333333333334
344.0,238.53333333333333
335.6,238.66666666666666
327.2,238.8
320.8,238.26666666666668
314.4,237.73333333333332
306.8,237.2
299.8,236.53333333333333
294.2,237.06666666666666
294.6,236.4
295.0,235.73333333333332
296.4,236.26666666666668
298.8,236.66666666666666
301.6,237.06666666666666
302.6,237.86666666666667
300.8,237.33333333333334
302.8,239.33333333333334
304.8,240.8
305.4,242.4
307.4,244.66666666666666
309.8,246.93333333333334
310.4,248.4
309.8,248.13333333333333
308.8,246.66666666666666
308.0,246.26666666666668
310.6,247.46666666666667
310.6,247.46666666666667
310.8,247.6
311.0,247.73333333333332
310.4,246.13333333333333
309.4,245.86666666666667
308.8,245.73333333333332
309.4,245.6
310.0,245.2
310.4,244.8
310.6,244.26666666666668
310.8,243.73333333333332
310.6,245.33333333333334
310.6,247.2
311.4,249.2
311.6,247.46666666666667
311.4,245.73333333333332
311.6,245.6
311.8,245.46666666666667
309.6,246.13333333333333
309.4,247.73333333333332
309.2,247.73333333333332
309.4,247.86666666666667
309.4,248.13333333333333
309.0,248.0
309.2,248.0
309.4,247.73333333333332
309.6,247.6
309.8,247.2
312.4,246.66666666666666
312.6,248.26666666666668
312.4,249.33333333333334
312.0,248.66666666666666
309.2,247.73333333333332
306.8,247.73333333333332
307.0,247.46666666666667
307.4,247.46666666666667
307.4,247.33333333333334
307.4,247.06666666666666
307.4,247.2
307.2,247.2
307.4,247.46666666666667
307.4,247.2
309.8,246.93333333333334
309.8,246.0
307.2,245.06666666666666
307.2,245.46666666666667
307.2,245.86666666666667
306.6,246.4
306.4,247.06666666666666
306.4,247.06666666666666
306.6,246.93333333333334
307.0,246.8
307.2,246.53333333333333
309.8,246.26666666666668
312.4,246.4
312.0,246.13333333333333
311.6,245.86666666666667
312.2,246.0
312.2,247.33333333333334
312.4,248.26666666666668
312.4,248.4
312.2,248.53333333333333
312.0,248.93333333333334
311.8,249.2
311.8,249.46666666666667
309.8,248.8
309.8,248.66666666666666
309.4,248.8
309.6,249.2
309.6,249.33333333333334
309.6,249.73333333333332
309.8,250.13333333333333
310.0,250.13333333333333
310.2,249.73333333333332
310.2,249.33333333333334
312.2,249.2
312.2,249.06666666666666
312.2,248.8
311.8,248.53333333333333
311.6,248.4
311.4,249.06666666666666
311.0,249.06666666666666
311.2,249.46666666666667
311.4,249.6
311.4,249.6
311.6,249.73333333333332
311.4,249.46666666666667
311.2,249.2
311.6,249.33333333333334
311.4,249.6
311.2,249.6
311.6,250.0
311.6,250.4
311.4,250.8
311.4,251.06666666666666
311.6,251.33333333333334
312.2,251.73333333333332
312.8,251.73333333333332
312.6,251.73333333333332
312.8,251.86666666666667
313.0,251.73333333333332
312.8,252.0
312.2,252.0
311.8,251.6
312.0,251.86666666666667
312.0,252.13333333333333
310.4,251.6
308.8,251.06666666666666
304.4,250.13333333333333
300.0,249.2
293.6,248.26666666666668
289.2,248.0
285.2,247.73333333333332
281.8,246.66666666666666
277.8,245.6
271.6,245.33333333333334
267.0,245.06666666666666
262.8,245.33333333333334
260.4,245.33333333333334
258.0,244.93333333333334
258.6,244.93333333333334
257.2,245.33333333333334
255.6,245.33333333333334
253.4,245.73333333333332
250.6,246.26666666666668
250.4,246.66666666666666
250.2,246.4
249.4,246.0
249.8,246.4
250.4,246.66666666666666
250.0,246.4
249.0,246.13333333333333
248.2,245.6
248.2,245.6
248.4,245.46666666666667
248.2,244.93333333333334
248.0,244.53333333333333
248.2,244.4
248.4,244.26666666666668
247.4,244.13333333333333
246.4,244.13333333333333
246.8,243.73333333333332
247.2,243.46666666666667
247.0,243.33333333333334
247.4,243.46666666666667
247.8,243.6
247.0,243.73333333333332
246.0,243.86666666666667
245.6,243.06666666666666
246.2,242.4
247.0,242.13333333333333
247.0,241.86666666666667
247.0,241.73333333333332
246.8,241.73333333333332
246.4,241.6
245.2,241.46666666666667
245.2,241.73333333333332
246.0,241.73333333333332
246.4,241.73333333333332
246.8,241.6
247.4,241.86666666666667
248.0,242.13333333333333
248.2,241.86666666666667
248.4,242.26666666666668
248.8,242.8
250.0,242.93333333333334
250.4,242.53333333333333
250.6,242.4
250.6,242.13333333333333
250.8,242.53333333333333
250.6,242.93333333333334
250.4,242.93333333333334
250.6,243.2
250.6,243.06666666666666
250.4,242.93333333333334
250.4,242.53333333333333
251.2,242.13333333333333
251.2,242.26666666666668
251.2,242.4
250.8,242.26666666666668
250.4,242.13333333333333
250.0,242.4
248.8,242.53333333333333
247.8,242.66666666666666
247.4,241.86666666666667
246.8,241.06666666666666
246.6,238.13333333333333
246.6,237.86666666666667
246.6,237.86666666666667
247.0,237.86666666666667
247.4,237.73333333333332
247.4,237.6
248.2,237.46666666666667
249.8,238.0
250.0,238.0
250.2,238.0
250.2,238.13333333333333
250.2,238.0
250.2,237.86666666666667
249.8,238.0
249.8,238.4
250.2,241.33333333333334
250.6,241.86666666666667
250.2,242.4
250.2,242.53333333333333
250.2,242.66666666666666
249.2,243.06666666666666
248.2,243.46666666666667
248.4,243.2
248.8,243.6
248.4,243.86666666666667
248.0,244.0
247.4,244.13333333333333
245.0,244.26666666666668
243.0,244.4
243.2,244.26666666666668
244.2,244.13333333333333
244.8,243.46666666666667
244.4,243.06666666666666
244.0,242.8
244.0,242.53333333333333
244.0,242.26666666666668
244.2,242.0
246.2,241.6
248.2,241.33333333333334
248.0,241.2
246.8,241.06666666666666
246.0,241.06666666666666
245.8,240.8
245.6,240.53333333333333
245.6,240.4
245.6,240.26666666666668
245.0,240.4
244.2,240.13333333333333
243.4,240.13333333333333
243.2,240.26666666666668
244.0,240.13333333333333
245.4,240.53333333333333
246.0,241.06666666666666
246.0,240.93333333333334
245.8,240.8
