x_osa,y_osa,x_tacka,y_tacka
0.0,0.0,100,100
209.0,88.0,100,100
139.33333333333334,58.666666666666664,100,100
104.5,44.0,100,100
83.6,35.2,100,100
69.66666666666667,29.333333333333332,100,100
59.714285714285715,25.142857142857142,100,100
94.0,44.5,100,100
119.77777777777777,59.111111111111114,100,100
141.0,134.0,100,100
173.8,176.66666666666666,100,100
164.6,173.0,100,100
197.8,180.0,100,100
263.6,106.4,100,100
296.2,118.26666666666667,100,100
328.8,118.26666666666667,100,100
328.0,130.0,100,100
328.2,141.86666666666667,100,100
327.4,153.73333333333332,100,100
327.0,165.6,100,100
327.0,177.46666666666667,100,100
326.4,177.33333333333334,100,100
325.8,177.46666666666667,100,100
325.6,177.33333333333334,100,100
325.4,177.6,100,100
325.2,178.0,100,100
325.0,177.86666666666667,100,100
324.2,177.46666666666667,100,100
323.8,177.2,100,100
323.4,176.93333333333334,100,100
323.4,177.06666666666666,100,100
323.2,177.06666666666666,100,100
323.0,177.06666666666666,100,100
323.0,176.8,100,100
323.0,176.53333333333333,100,100
323.2,176.4,100,100
323.4,176.13333333333333,100,100
323.6,176.0,100,100
323.8,175.86666666666667,100,100
324.6,175.86666666666667,100,100
324.8,175.86666666666667,100,100
324.6,175.73333333333332,100,100
324.6,176.0,100,100
324.6,176.13333333333333,100,100
324.6,176.26666666666668,100,100
324.4,176.26666666666668,100,100
324.2,176.26666666666668,100,100
324.4,176.0,100,100
324.8,176.13333333333333,100,100
324.4,176.26666666666668,100,100
324.2,176.0,100,100
324.6,175.86666666666667,100,100
324.8,175.73333333333332,100,100
325.0,175.73333333333332,100,100
325.2,175.6,100,100
325.4,175.46666666666667,100,100
325.6,175.46666666666667,100,100
325.6,175.46666666666667,100,100
325.4,175.6,100,100
325.6,176.0,100,100
325.6,176.26666666666668,100,100
325.6,176.53333333333333,100,100
325.8,176.93333333333334,100,100
325.8,177.2,100,100
326.0,177.46666666666667,100,100
326.2,178.13333333333333,100,100
326.4,178.8,100,100
326.6,179.2,100,100
326.8,179.46666666666667,100,100
327.0,179.86666666666667,100,100
327.4,180.4,100,100
327.8,180.93333333333334,100,100
328.0,181.33333333333334,100,100
328.2,181.73333333333332,100,100
328.4,181.6,100,100
328.6,181.6,100,100
328.8,181.73333333333332,100,100
329.0,182.0,100,100
329.2,182.26666666666668,100,100
329.2,182.26666666666668,100,100
329.0,182.4,100,100
329.0,182.53333333333333,100,100
328.8,182.8,100,100
328.8,182.8,100,100
328.6,182.66666666666666,100,100
328.8,182.4,100,100
329.0,182.13333333333333,100,100
329.0,181.86666666666667,100,100
328.8,181.46666666666667,100,100
329.0,181.6,100,100
329.0,181.46666666666667,100,100
328.8,181.33333333333334,100,100
328.6,180.93333333333334,100,100
328.6,180.66666666666666,100,100
328.6,180.66666666666666,100,100
327.8,180.26666666666668,100,100
327.4,179.73333333333332,100,100
327.2,179.46666666666667,100,100
327.4,179.46666666666667,100,100
326.8,179.33333333333334,100,100
326.6,179.2,100,100
326.4,179.06666666666666,100,100
326.4,178.93333333333334,100,100
326.2,178.93333333333334,100,100
326.0,178.66666666666666,100,100
326.2,178.53333333333333,100,100
326.0,178.4,100,100
326.0,178.4,100,100
326.2,178.4,500,100
326.2,178.26666666666668,500,100
326.2,178.26666666666668,500,100
326.2,178.4,500,100
326.2,178.26666666666668,500,100
326.6,178.53333333333333,500,100
326.6,178.53333333333333,500,100
326.6,178.66666666666666,500,100
326.2,178.66666666666666,500,100
326.2,178.66666666666666,500,100
323.2,179.06666666666666,500,100
321.0,179.6,500,100
318.4,179.73333333333332,500,100
315.8,179.73333333333332,500,100
313.2,180.13333333333333,500,100
310.2,180.4,500,100
307.8,180.8,500,100
305.2,181.06666666666666,500,100
303.0,181.46666666666667,500,100
300.8,182.26666666666668,500,100
301.0,182.26666666666668,500,100
301.2,183.06666666666666,500,100
301.2,183.33333333333334,500,100
301.2,183.6,500,100
301.2,183.86666666666667,500,100
301.2,183.73333333333332,500,100
301.2,183.6,500,100
301.0,183.6,500,100
300.8,183.73333333333332,500,100
300.2,183.46666666666667,500,100
300.0,183.86666666666667,500,100
299.6,183.73333333333332,500,100
299.6,183.86666666666667,500,100
299.6,183.86666666666667,500,100
299.4,183.33333333333334,500,100
299.2,183.2,500,100
299.0,182.8,500,100
299.2,182.8,500,100
299.2,182.8,500,100
299.2,183.33333333333334,500,100
298.8,183.33333333333334,500,100
298.6,183.73333333333332,500,100
298.4,184.4,500,100
298.2,184.66666666666666,500,100
298.2,184.8,500,100
298.0,184.0,500,100
297.8,184.53333333333333,500,100
297.6,184.93333333333334,500,100
297.6,184.93333333333334,500,100
297.4,184.8,500,100
297.2,184.53333333333333,500,100
297.2,184.93333333333334,500,100
297.2,184.66666666666666,500,100
298.2,184.8,500,100
298.8,184.26666666666668,500,100
299.6,184.26666666666668,500,100
299.2,183.2,500,100
298.8,182.4,500,100
298.6,182.13333333333333,500,100
298.6,182.13333333333333,500,100
298.8,182.4,500,100
299.0,182.26666666666668,500,100
298.6,181.6,500,100
297.2,181.33333333333334,500,100
296.6,181.46666666666667,500,100
295.8,181.86666666666667,500,100
296.4,181.86666666666667,500,100
296.8,182.53333333333333,500,100
296.8,182.93333333333334,500,100
297.2,183.46666666666667,500,100
297.2,184.13333333333333,500,100
296.8,185.33333333333334,500,100
297.0,185.46666666666667,500,100
297.2,185.46666666666667,500,100
298.0,185.73333333333332,500,100
298.2,185.73333333333332,500,100
298.0,185.46666666666667,500,100
298.2,186.0,500,100
298.0,185.6,500,100
297.8,185.6,500,100
297.8,185.33333333333334,500,100
298.0,184.8,500,100
298.2,184.13333333333333,500,100
298.2,183.33333333333334,500,100
297.4,182.66666666666666,500,100
297.4,181.86666666666667,500,100
297.4,181.2,500,100
296.8,180.8,500,100
297.2,180.93333333333334,500,100
297.0,180.53333333333333,500,100
297.2,180.53333333333333,500,100
297.0,180.26666666666668,500,100
296.8,179.73333333333332,500,100
297.0,180.13333333333333,500,100
297.0,180.0,500,100
297.0,180.13333333333333,500,100
297.0,180.13333333333333,500,100
297.4,180.13333333333333,500,100
297.4,180.53333333333333,500,100
297.4,180.66666666666666,500,100
296.8,180.53333333333333,500,100
298.0,181.06666666666666,500,100
299.2,182.13333333333333,500,100
299.4,182.53333333333333,500,100
299.6,183.06666666666666,500,100
299.2,182.8,500,100
299.2,182.8,500,100
299.0,182.8,500,100
298.8,182.8,500,100
298.8,182.8,500,100
299.6,182.93333333333334,500,100
298.6,182.93333333333334,500,100
297.6,183.06666666666666,500,100
297.2,182.8,500,100
296.8,182.66666666666666,500,100
297.0,182.8,500,100
297.0,182.13333333333333,500,100
297.0,181.46666666666667,500,100
297.2,180.93333333333334,500,100
297.4,180.4,500,100
297.2,180.53333333333333,900,100
297.0,180.4,900,100
296.8,180.26666666666668,900,100
297.0,180.4,900,100
297.2,180.53333333333333,900,100
297.0,180.13333333333333,900,100
296.2,180.66666666666666,900,100
294.2,181.06666666666666,900,100
292.0,181.73333333333332,900,100
289.8,182.4,900,100
287.6,183.06666666666666,900,100
285.2,183.6,900,100
282.8,184.26666666666668,900,100
280.6,184.93333333333334,900,100
277.8,185.6,900,100
276.2,186.13333333333333,900,100
274.8,186.93333333333334,900,100
274.8,187.46666666666667,900,100
274.8,187.86666666666667,900,100
274.6,188.4,900,100
274.4,189.2,900,100
274.8,189.2,900,100
275.0,189.33333333333334,900,100
274.8,189.33333333333334,900,100
274.8,189.2,900,100
274.4,189.2,900,100
274.0,189.33333333333334,900,100
273.8,189.46666666666667,900,100
273.6,189.6,900,100
273.6,189.73333333333332,900,100
273.0,189.6,900,100
273.2,189.6,900,100
272.8,189.86666666666667,900,100
271.4,189.33333333333334,900,100
271.8,189.46666666666667,900,100
271.8,189.6,900,100
271.8,189.73333333333332,900,100
272.0,189.86666666666667,900,100
272.2,190.0,900,100
272.0,190.26666666666668,900,100
272.6,190.4,900,100
273.2,190.4,900,100
273.2,190.26666666666668,900,100
274.4,190.13333333333333,900,100
274.2,190.0,900,100
274.2,190.26666666666668,900,100
274.4,190.26666666666668,900,100
273.8,190.26666666666668,900,100
273.2,190.93333333333334,900,100
273.0,190.8,900,100
273.0,190.66666666666666,900,100
272.0,190.53333333333333,900,100
272.2,190.4,900,100
272.2,190.4,900,100
272.2,190.4,900,100
271.8,190.26666666666668,900,100
271.4,190.26666666666668,900,100
271.4,190.4,900,100
271.8,190.53333333333333,900,100
272.0,190.66666666666666,900,100
271.6,190.8,900,100
271.2,190.93333333333334,900,100
271.2,191.06666666666666,900,100
271.4,191.2,900,100
271.6,191.33333333333334,900,100
271.8,191.46666666666667,900,100
272.0,191.6,900,100
272.4,191.6,900,100
272.4,191.6,900,100
272.6,191.86666666666667,900,100
272.2,192.13333333333333,900,100
273.2,192.26666666666668,900,100
274.0,192.26666666666668,900,100
274.0,192.4,900,100
274.0,192.4,900,100
274.0,192.26666666666668,900,100
274.2,192.26666666666668,900,100
274.2,192.26666666666668,900,100
274.0,192.13333333333333,900,100
273.8,192.0,900,100
274.8,192.0,900,100
274.4,192.0,900,100
273.8,192.13333333333333,900,100
273.8,192.13333333333333,900,100
273.8,191.86666666666667,900,100
274.0,191.73333333333332,900,100
274.0,191.73333333333332,900,100
274.0,191.73333333333332,900,100
274.0,191.46666666666667,900,100
274.0,191.33333333333334,900,100
273.8,191.6,900,100
273.4,191.2,900,100
273.2,191.2,900,100
272.6,191.2,900,100
272.2,191.33333333333334,900,100
272.0,191.6,900,100
272.0,191.6,900,100
272.0,191.6,900,100
271.8,191.73333333333332,900,100
271.6,191.73333333333332,900,100
271.0,191.73333333333332,900,100
271.8,191.73333333333332,900,100
272.8,191.73333333333332,900,100
272.8,192.0,900,100
272.6,192.26666666666668,900,100
272.6,192.13333333333333,900,100
272.2,192.66666666666666,900,100
271.8,192.8,900,100
272.2,192.93333333333334,900,100
272.6,192.8,900,100
273.2,192.4,900,100
272.6,192.4,900,100
271.8,192.4,900,100
272.4,192.26666666666668,900,100
272.8,192.26666666666668,900,100
273.0,192.26666666666668,900,100
273.2,192.13333333333333,900,100
273.6,192.13333333333333,900,100
273.6,192.0,900,100
273.6,191.86666666666667,900,100
273.6,191.86666666666667,900,100
273.6,191.86666666666667,900,250
273.4,191.46666666666667,900,250
273.4,191.46666666666667,900,250
273.6,191.6,900,250
273.4,191.86666666666667,900,250
273.2,191.86666666666667,900,250
273.2,191.86666666666667,900,250
273.2,191.86666666666667,900,250
273.6,192.53333333333333,900,250
274.0,193.2,900,250
274.8,194.13333333333333,900,250
275.4,194.53333333333333,900,250
275.8,195.06666666666666,900,250
276.0,195.6,900,250
276.6,196.13333333333333,900,250
277.6,196.66666666666666,900,250
278.0,197.46666666666667,900,250
278.4,197.86666666666667,900,250
278.4,198.26666666666668,900,250
278.4,198.53333333333333,900,250
278.0,199.2,900,250
278.0,199.46666666666667,900,250
277.8,199.73333333333332,900,250
277.8,199.2,900,250
277.6,198.66666666666666,900,250
277.6,198.66666666666666,900,250
278.0,199.06666666666666,900,250
278.4,199.33333333333334,900,250
278.2,199.2,900,250
278.0,198.93333333333334,900,250
277.8,198.53333333333333,900,250
278.0,198.53333333333333,900,250
278.4,198.66666666666666,900,250
278.8,199.06666666666666,900,250
279.2,199.46666666666667,900,250
278.8,199.46666666666667,900,250
278.4,199.6,900,250
278.0,199.6,900,250
278.0,200.13333333333333,900,250
278.0,200.66666666666666,900,250
278.0,200.0,900,250
278.0,199.86666666666667,900,250
277.8,199.6,900,250
277.6,199.6,900,250
277.4,199.86666666666667,900,250
277.6,200.0,900,250
277.6,199.73333333333332,900,250
277.4,199.46666666666667,900,250
277.4,199.33333333333334,900,250
277.6,199.2,900,250
277.8,199.2,900,250
277.4,199.2,900,250
277.2,199.33333333333334,900,250
277.0,198.93333333333334,900,250
277.0,199.06666666666666,900,250
277.0,199.33333333333334,900,250
277.0,199.33333333333334,900,250
277.2,199.46666666666667,900,250
277.4,199.6,900,250
277.4,199.46666666666667,900,250
277.4,199.6,900,250
277.6,199.86666666666667,900,250
277.8,200.4,900,250
277.8,200.0,900,250
277.6,199.6,900,250
277.6,199.46666666666667,900,250
277.4,199.33333333333334,900,250
277.2,199.2,900,250
277.0,199.2,900,250
277.0,198.93333333333334,900,250
277.0,199.06666666666666,900,250
277.0,198.8,900,250
277.0,198.53333333333333,900,250
277.0,198.26666666666668,900,250
277.2,198.4,900,250
277.2,198.13333333333333,900,250
277.4,198.4,900,250
277.6,198.4,900,250
277.8,198.53333333333333,900,250
277.8,198.66666666666666,900,250
277.6,198.93333333333334,900,250
277.4,198.93333333333334,900,250
277.4,199.46666666666667,900,250
277.6,199.6,900,250
277.6,199.46666666666667,900,250
277.4,199.73333333333332,900,250
277.4,199.86666666666667,900,250
277.4,200.0,900,250
277.4,200.26666666666668,900,250
277.6,200.13333333333333,900,250
277.8,200.26666666666668,900,250
278.0,199.86666666666667,900,250
278.0,199.73333333333332,900,250
278.0,200.0,900,250
278.0,200.0,900,250
278.2,199.46666666666667,900,250
278.0,199.33333333333334,900,250
277.8,198.66666666666666,900,250
277.8,198.8,900,250
277.4,198.66666666666666,900,250
277.4,198.13333333333333,900,250
277.4,198.0,900,250
277.6,197.86666666666667,900,250
277.4,197.6,900,250
277.2,197.46666666666667,900,250
277.2,197.46666666666667,900,250
277.4,197.46666666666667,900,250
277.6,197.06666666666666,900,250
277.6,196.66666666666666,900,250
278.0,196.93333333333334,900,250
278.0,197.33333333333334,900,250
278.2,197.6,900,250
278.2,197.86666666666667,900,250
278.4,197.86666666666667,900,250
278.6,198.13333333333333,900,250
278.6,198.13333333333333,900,250
278.6,198.26666666666668,900,250
278.6,198.26666666666668,900,250
278.6,198.4,900,250
278.2,198.4,900,250
278.0,198.26666666666668,900,250
277.6,198.13333333333333,900,250
277.4,198.26666666666668,900,250
277.4,198.4,900,250
277.6,198.4,900,250
277.8,198.26666666666668,500,250
277.6,198.0,500,250
277.4,197.73333333333332,500,250
277.2,197.86666666666667,500,250
277.2,198.0,500,250
277.4,198.13333333333333,500,250
279.0,198.26666666666668,500,250
281.6,197.46666666666667,500,250
284.2,196.8,500,250
286.6,196.26666666666668,500,250
289.0,195.6,500,250
291.8,194.8,500,250
294.4,193.86666666666667,500,250
297.0,192.93333333333334,500,250
299.6,191.86666666666667,500,250
302.0,190.93333333333334,500,250
303.2,190.66666666666666,500,250
302.8,190.0,500,250
302.8,189.06666666666666,500,250
302.6,187.86666666666667,500,250
302.4,186.93333333333334,500,250
302.2,185.86666666666667,500,250
302.4,186.0,500,250
302.6,185.73333333333332,500,250
302.4,185.46666666666667,500,250
302.6,185.6,500,250
302.4,185.86666666666667,500,250
302.6,186.0,500,250
302.4,186.0,500,250
302.4,185.73333333333332,500,250
302.4,185.46666666666667,500,250
302.4,185.2,500,250
302.2,185.33333333333334,500,250
302.0,185.2,500,250
302.2,185.2,500,250
302.0,185.2,500,250
302.0,185.06666666666666,500,250
301.6,184.8,500,250
301.4,184.66666666666666,500,250
301.2,184.53333333333333,500,250
301.0,184.0,500,250
301.0,184.0,500,250
300.8,183.86666666666667,500,250
300.8,184.26666666666668,500,250
300.8,184.4,500,250
300.8,184.53333333333333,500,250
301.0,184.53333333333333,500,250
301.4,184.4,500,250
301.6,184.26666666666668,500,250
301.6,184.26666666666668,500,250
301.6,184.13333333333333,500,250
301.4,184.26666666666668,500,250
301.4,184.4,500,250
301.2,184.66666666666666,500,250
301.2,185.06666666666666,500,250
301.2,185.46666666666667,500,250
301.0,185.33333333333334,500,250
301.0,185.33333333333334,500,250
301.0,184.93333333333334,500,250
300.8,184.8,500,250
300.6,184.66666666666666,500,250
300.4,184.26666666666668,500,250
300.6,184.53333333333333,500,250
300.8,184.66666666666666,500,250
300.4,184.4,500,250
300.0,184.26666666666668,500,250
300.0,184.53333333333333,500,250
300.0,184.8,500,250
300.0,184.93333333333334,500,250
300.4,184.66666666666666,500,250
300.4,184.4,500,250
300.4,184.26666666666668,500,250
300.4,184.53333333333333,500,250
300.4,184.8,500,250
300.8,185.2,500,250
301.0,185.46666666666667,500,250
301.2,186.13333333333333,500,250
301.2,186.26666666666668,500,250
300.8,186.0,500,250
300.4,186.13333333333333,500,250
300.6,186.26666666666668,500,250
300.6,185.73333333333332,500,250
300.6,185.73333333333332,500,250
300.6,185.73333333333332,500,250
300.6,186.26666666666668,500,250
300.6,186.4,500,250
299.8,186.4,500,250
299.8,186.4,500,250
300.2,186.4,500,250
300.6,186.4,500,250
300.8,186.66666666666666,500,250
301.2,186.53333333333333,500,250
301.0,186.0,500,250
300.8,186.4,500,250
300.4,186.4,500,250
300.2,186.53333333333333,500,250
300.8,186.93333333333334,500,250
300.8,186.8,500,250
300.8,186.8,500,250
300.8,186.53333333333333,500,250
301.0,186.8,500,250
301.2,186.93333333333334,500,250
301.2,186.4,500,250
301.2,185.86666666666667,500,250
301.4,185.33333333333334,500,250
301.6,184.66666666666666,500,250
301.6,184.66666666666666,500,250
301.2,184.66666666666666,500,250
301.2,184.93333333333334,500,250
301.0,185.33333333333334,500,250
300.6,185.6,500,250
301.2,185.2,500,250
303.0,186.26666666666668,500,250
305.2,187.46666666666667,500,250
308.0,188.66666666666666,500,250
311.0,188.4,500,250
313.8,188.26666666666668,500,250
317.0,188.53333333333333,500,250
319.8,188.8,500,250
322.6,189.73333333333332,500,250
325.2,191.46666666666667,500,250
326.8,192.66666666666666,500,250
328.0,192.93333333333334,500,250
328.6,193.06666666666666,500,250
328.4,194.4,500,250
328.2,194.93333333333334,100,250
328.2,196.4,100,250
327.4,196.4,100,250
327.4,196.26666666666668,100,250
326.6,196.13333333333333,100,250
326.8,196.8,100,250
327.2,197.86666666666667,100,250
326.8,199.33333333333334,100,250
327.0,200.66666666666666,100,250
327.4,201.33333333333334,100,250
327.0,201.33333333333334,100,250
326.8,200.53333333333333,100,250
327.4,201.86666666666667,100,250
327.2,202.53333333333333,100,250
328.0,200.93333333333334,100,250
328.0,200.13333333333333,100,250
327.8,199.6,100,250
328.0,199.06666666666666,100,250
328.0,197.73333333333332,100,250
327.8,196.93333333333334,100,250
328.0,197.46666666666667,100,250
327.8,196.93333333333334,100,250
327.4,196.66666666666666,100,250
327.6,195.06666666666666,100,250
327.8,193.46666666666667,100,250
327.6,192.26666666666668,100,250
326.6,192.8,100,250
326.2,192.53333333333333,100,250
325.8,192.4,100,250
325.8,192.13333333333333,100,250
326.0,191.86666666666667,100,250
325.8,192.13333333333333,100,250
326.0,192.53333333333333,100,250
325.6,193.6,100,250
325.2,193.33333333333334,100,250
325.0,193.06666666666666,100,250
325.8,192.8,100,250
326.2,191.6,100,250
326.2,192.4,100,250
326.0,193.2,100,250
325.8,192.53333333333333,100,250
325.8,192.4,100,250
326.0,190.66666666666666,100,250
326.0,189.73333333333332,100,250
326.0,191.2,100,250
326.2,192.66666666666666,100,250
325.8,192.8,100,250
325.4,191.73333333333332,100,250
325.4,191.86666666666667,100,250
325.0,192.8,100,250
325.0,192.26666666666668,100,250
325.0,192.13333333333333,100,250
324.8,192.53333333333333,100,250
324.8,192.4,100,250
324.8,192.26666666666668,100,250
324.4,193.73333333333332,100,250
324.6,193.6,100,250
324.8,194.53333333333333,100,250
325.0,193.73333333333332,100,250
325.8,192.26666666666668,100,250
326.2,190.8,100,250
327.0,190.66666666666666,100,250
327.6,191.6,100,250
327.6,190.8,100,250
327.6,190.8,100,250
327.8,191.33333333333334,100,250
328.0,191.73333333333332,100,250
327.8,190.66666666666666,100,250
327.4,189.6,100,250
326.8,188.53333333333333,100,250
326.0,188.53333333333333,100,250
325.4,188.8,100,250
324.8,188.8,100,250
324.2,190.4,100,250
323.8,191.73333333333332,100,250
323.6,193.06666666666666,100,250
323.6,191.33333333333334,100,250
323.2,191.33333333333334,100,250
323.2,192.0,100,250
323.0,191.86666666666667,100,250
323.0,192.13333333333333,100,250
323.2,191.06666666666666,100,250
323.4,191.2,100,250
323.8,192.93333333333334,100,250
324.0,194.0,100,250
324.0,194.0,100,250
323.0,193.73333333333332,100,250
322.6,194.26666666666668,100,250
322.4,192.53333333333333,100,250
321.8,192.53333333333333,100,250
321.8,192.66666666666666,100,250
321.8,192.93333333333334,100,250
321.2,192.93333333333334,100,250
321.0,192.13333333333333,100,250
320.4,192.13333333333333,100,250
320.6,191.2,100,250
321.0,192.8,100,250
321.6,193.73333333333332,100,250
321.6,193.06666666666666,100,250
322.2,192.26666666666668,100,250
322.2,192.26666666666668,100,250
321.8,191.6,100,250
322.0,190.93333333333334,100,250
322.2,191.86666666666667,100,250
322.8,190.26666666666668,100,250
322.8,188.53333333333333,100,250
323.0,190.13333333333333,100,250
323.0,189.6,100,250
323.0,189.73333333333332,100,250
323.0,189.73333333333332,100,250
323.0,189.86666666666667,100,250
322.6,189.73333333333332,100,250
322.8,188.8,100,250
323.0,187.86666666666667,100,250
322.2,189.2,100,250
322.2,188.4,100,250
321.6,189.06666666666666,100,250
321.8,188.8,100,250
321.6,189.46666666666667,100,250
321.6,191.06666666666666,100,250
321.6,192.66666666666666,100,250
322.2,191.06666666666666,100,250
322.2,190.13333333333333,100,400
322.0,190.0,100,400
322.6,190.0,100,400
322.0,190.66666666666666,100,400
322.6,190.8,100,400
322.0,192.26666666666668,100,400
321.8,193.73333333333332,100,400
321.4,193.73333333333332,100,400
321.4,193.73333333333332,100,400
322.6,194.53333333333333,100,400
322.8,194.53333333333333,100,400
321.8,195.2,100,400
323.4,195.86666666666667,100,400
324.4,195.73333333333332,100,400
326.0,197.86666666666667,100,400
326.0,199.73333333333332,100,400
328.0,201.06666666666666,100,400
328.2,201.6,100,400
330.0,202.13333333333333,100,400
327.8,202.66666666666666,100,400
326.6,203.33333333333334,100,400
328.8,202.93333333333334,100,400
328.6,202.53333333333333,100,400
327.8,203.86666666666667,100,400
326.8,202.13333333333333,100,400
327.8,202.13333333333333,100,400
327.0,201.33333333333334,100,400
328.0,200.4,100,400
326.8,200.26666666666668,100,400
328.0,199.33333333333334,100,400
330.2,199.46666666666667,100,400
329.4,197.86666666666667,100,400
327.6,197.86666666666667,100,400
327.6,197.86666666666667,100,400
327.6,196.26666666666668,100,400
327.6,194.66666666666666,100,400
327.4,194.93333333333334,100,400
326.2,196.0,100,400
325.8,194.53333333333333,100,400
325.6,195.46666666666667,100,400
325.0,197.06666666666666,100,400
325.8,197.86666666666667,100,400
327.6,198.66666666666666,100,400
327.2,199.46666666666667,100,400
327.0,198.8,100,400
326.6,197.2,100,400
325.4,198.8,100,400
326.2,197.2,100,400
326.4,195.6,100,400
326.0,197.2,100,400
325.6,198.93333333333334,100,400
323.6,199.6,100,400
322.6,198.0,100,400
323.6,197.86666666666667,100,400
322.6,198.4,100,400
321.8,198.26666666666668,100,400
323.2,197.6,100,400
322.2,197.6,100,400
320.8,197.6,100,400
321.2,197.33333333333334,100,400
321.0,197.86666666666667,100,400
322.0,196.26666666666668,100,400
322.2,196.13333333333333,100,400
322.2,196.13333333333333,100,400
324.2,196.13333333333333,100,400
326.2,196.0,100,400
326.4,195.73333333333332,100,400
328.0,196.93333333333334,100,400
329.4,196.8,100,400
329.4,195.6,100,400
330.0,195.73333333333332,100,400
329.4,195.73333333333332,100,400
328.6,195.06666666666666,100,400
328.6,193.6,100,400
327.4,194.66666666666666,100,400
326.4,194.26666666666668,100,400
325.8,194.4,100,400
325.2,194.66666666666666,100,400
325.2,194.8,100,400
325.2,193.33333333333334,100,400
324.6,191.86666666666667,100,400
325.4,190.66666666666666,100,400
324.8,191.06666666666666,100,400
325.2,192.0,100,400
325.6,191.6,100,400
324.4,191.6,100,400
325.2,192.4,100,400
325.4,192.4,100,400
326.4,194.0,100,400
325.6,194.8,100,400
324.8,196.4,100,400
323.6,197.46666666666667,100,400
325.8,198.26666666666668,100,400
324.2,199.73333333333332,100,400
323.8,199.73333333333332,100,400
325.0,199.73333333333332,100,400
324.4,199.73333333333332,100,400
324.4,198.13333333333333,100,400
322.6,198.53333333333333,100,400
323.2,198.93333333333334,100,400
324.0,197.6,100,400
325.0,196.13333333333333,100,400
324.6,196.4,100,400
325.8,194.8,100,400
326.0,193.33333333333334,100,400
326.0,191.86666666666667,100,400
325.6,190.8,100,400
325.4,190.26666666666668,100,400
326.4,188.93333333333334,100,400
326.6,189.06666666666666,100,400
325.6,190.4,100,400
326.0,190.66666666666666,100,400
325.0,191.73333333333332,100,400
325.4,190.66666666666666,100,400
325.0,190.66666666666666,100,400
324.6,190.66666666666666,100,400
324.8,190.4,100,400
325.0,189.33333333333334,100,400
325.0,189.2,100,400
325.2,188.93333333333334,100,400
326.2,188.66666666666666,100,400
324.8,189.86666666666667,100,400
325.2,190.0,100,400
324.4,190.93333333333334,100,400
324.4,191.86666666666667,500,400
324.8,190.93333333333334,500,400
325.2,190.8,500,400
325.2,189.86666666666667,500,400
325.2,189.86666666666667,500,400
325.4,189.6,500,400
325.6,189.6,500,400
326.8,189.86666666666667,500,400
325.2,189.73333333333332,500,400
323.4,189.86666666666667,500,400
321.8,189.86666666666667,500,400
319.8,190.53333333333333,500,400
317.2,189.73333333333332,500,400
314.4,189.06666666666666,500,400
312.0,187.73333333333332,500,400
309.4,186.93333333333334,500,400
307.0,186.8,500,400
304.6,186.8,500,400
303.8,187.06666666666666,500,400
303.6,187.2,500,400
303.2,187.06666666666666,500,400
303.0,187.33333333333334,500,400
303.0,187.6,500,400
303.4,188.13333333333333,500,400
303.2,188.26666666666668,500,400
303.0,188.53333333333333,500,400
303.0,188.4,500,400
302.4,187.73333333333332,500,400
302.6,187.73333333333332,500,400
302.6,188.26666666666668,500,400
302.4,187.73333333333332,500,400
302.0,187.2,500,400
301.6,186.8,500,400
301.2,186.13333333333333,500,400
301.6,187.33333333333334,500,400
301.8,187.86666666666667,500,400
302.0,187.6,500,400
302.8,187.6,500,400
302.6,187.86666666666667,500,400
302.6,187.46666666666667,500,400
302.8,187.06666666666666,500,400
303.0,186.4,500,400
303.8,187.33333333333334,500,400
304.2,187.73333333333332,500,400
303.4,187.06666666666666,500,400
303.0,188.66666666666666,500,400
303.0,189.6,500,400
303.0,191.46666666666667,500,400
302.8,191.6,500,400
302.6,190.0,500,400
302.8,190.26666666666668,500,400
302.6,189.86666666666667,500,400
302.0,189.33333333333334,500,400
302.4,190.13333333333333,500,400
303.0,191.06666666666666,500,400
303.4,192.13333333333333,500,400
303.2,193.2,500,400
303.0,193.2,500,400
303.4,193.73333333333332,500,400
303.6,194.8,500,400
303.6,193.86666666666667,500,400
304.0,193.46666666666667,500,400
304.2,193.46666666666667,500,400
303.6,193.6,500,400
304.2,194.4,500,400
303.6,193.6,500,400
303.4,193.73333333333332,500,400
303.4,194.26666666666668,500,400
303.4,193.2,500,400
303.4,193.33333333333334,500,400
303.4,194.0,500,400
303.4,194.66666666666666,500,400
303.4,193.73333333333332,500,400
303.4,194.0,500,400
302.6,194.26666666666668,500,400
303.0,194.0,500,400
303.0,193.73333333333332,500,400
302.8,192.93333333333334,500,400
302.4,192.8,500,400
302.4,192.93333333333334,500,400
302.4,193.46666666666667,500,400
302.4,193.86666666666667,500,400
302.6,193.86666666666667,500,400
303.0,193.86666666666667,500,400
303.0,193.2,500,400
303.4,191.86666666666667,500,400
303.2,190.13333333333333,500,400
303.2,191.06666666666666,500,400
303.4,190.8,500,400
303.2,189.6,500,400
303.4,189.6,500,400
303.4,189.86666666666667,500,400
303.0,189.86666666666667,500,400
302.8,190.4,500,400
303.0,190.0,500,400
303.0,191.33333333333334,500,400
303.6,192.66666666666666,500,400
303.4,192.4,500,400
303.6,193.46666666666667,500,400
303.8,193.06666666666666,500,400
304.0,194.4,500,400
304.0,195.2,500,400
304.2,194.66666666666666,500,400
303.8,194.0,500,400
303.4,194.26666666666668,500,400
303.2,194.26666666666668,500,400
303.6,195.46666666666667,500,400
303.6,194.8,500,400
303.4,195.46666666666667,500,400
303.4,196.13333333333333,500,400
302.8,196.0,500,400
302.6,195.86666666666667,500,400
302.8,197.2,500,400
303.4,197.2,500,400
303.8,199.06666666666666,500,400
304.2,197.73333333333332,500,400
303.6,197.73333333333332,500,400
304.2,199.06666666666666,500,400
304.0,199.06666666666666,500,400
303.8,199.06666666666666,500,400
303.4,198.8,500,400
303.8,197.86666666666667,500,400
303.0,197.86666666666667,500,400
303.0,198.53333333333333,900,400
303.0,198.26666666666668,900,400
302.4,197.06666666666666,900,400
302.0,195.6,900,400
302.0,195.73333333333332,900,400
302.2,195.2,900,400
301.6,195.2,900,400
300.2,196.66666666666666,900,400
298.0,197.6,900,400
296.6,197.6,900,400
294.6,199.2,900,400
292.2,200.26666666666668,900,400
290.0,201.73333333333332,900,400
288.2,202.13333333333333,900,400
286.0,203.6,900,400
284.2,203.33333333333334,900,400
283.2,204.0,900,400
283.0,204.8,900,400
282.6,205.73333333333332,900,400
282.6,205.46666666666667,900,400
282.0,205.6,900,400
282.0,205.06666666666666,900,400
282.0,204.8,900,400
281.8,204.66666666666666,900,400
281.8,204.53333333333333,900,400
281.8,204.26666666666668,900,400
281.8,204.53333333333333,900,400
282.0,204.53333333333333,900,400
281.8,204.13333333333333,900,400
281.2,203.2,900,400
281.2,202.8,900,400
281.2,202.4,900,400
281.8,202.8,900,400
281.6,201.6,900,400
281.2,201.73333333333332,900,400
280.8,201.6,900,400
280.4,202.0,900,400
280.6,202.0,900,400
281.4,202.0,900,400
281.6,202.13333333333333,900,400
281.6,201.73333333333332,900,400
281.6,201.73333333333332,900,400
281.6,201.86666666666667,900,400
282.0,202.26666666666668,900,400
282.2,202.66666666666666,900,400
282.8,202.93333333333334,900,400
283.4,203.2,900,400
283.0,203.2,900,400
283.0,204.8,900,400
283.6,204.66666666666666,900,400
284.2,205.33333333333334,900,400
284.8,205.46666666666667,900,400
284.4,205.73333333333332,900,400
284.4,205.33333333333334,900,400
284.4,205.46666666666667,900,400
283.6,205.46666666666667,900,400
283.2,205.06666666666666,900,400
283.2,204.53333333333333,900,400
282.4,204.93333333333334,900,400
281.6,205.33333333333334,900,400
281.2,205.46666666666667,900,400
280.8,205.6,900,400
280.8,205.46666666666667,900,400
280.4,205.2,900,400
280.2,204.8,900,400
280.6,204.26666666666668,900,400
280.6,203.73333333333332,900,400
280.4,202.93333333333334,900,400
280.8,203.06666666666666,900,400
281.4,202.4,900,400
281.6,202.4,900,400
281.2,202.4,900,400
281.6,203.2,900,400
282.0,202.93333333333334,900,400
281.6,201.46666666666667,900,400
281.8,201.6,900,400
282.2,201.73333333333332,900,400
282.2,201.46666666666667,900,400
282.0,201.86666666666667,900,400
281.6,202.4,900,400
281.8,203.06666666666666,900,400
281.8,203.46666666666667,900,400
281.2,204.13333333333333,900,400
281.0,204.53333333333333,900,400
281.8,205.2,900,400
281.8,205.86666666666667,900,400
281.2,205.86666666666667,900,400
281.2,205.6,900,400
281.4,206.0,900,400
282.0,207.33333333333334,900,400
281.4,206.8,900,400
281.8,206.8,900,400
282.0,207.2,900,400
282.2,206.93333333333334,900,400
281.8,206.93333333333334,900,400
281.4,206.66666666666666,900,400
281.4,206.66666666666666,900,400
281.6,206.4,900,400
281.4,206.0,900,400
280.8,205.86666666666667,900,400
280.8,205.73333333333332,900,400
280.6,205.73333333333332,900,400
280.4,205.2,900,400
280.0,204.53333333333333,900,400
280.4,204.8,900,400
280.6,204.93333333333334,900,400
281.0,204.93333333333334,900,400
281.2,204.93333333333334,900,400
281.6,205.06666666666666,900,400
282.4,205.06666666666666,900,400
283.2,205.06666666666666,900,400
283.4,204.93333333333334,900,400
283.6,205.06666666666666,900,400
284.0,205.33333333333334,900,400
283.6,204.93333333333334,900,400
284.0,204.93333333333334,900,400
283.4,205.33333333333334,900,400
282.8,205.73333333333332,900,400
282.4,206.13333333333333,900,400
282.6,205.86666666666667,900,400
282.0,205.86666666666667,900,400
281.6,205.73333333333332,900,400
281.2,205.6,900,400
