smooth_x,smooth_y,x_tacka,y_tacka
680.2,270.4,100,100
680.2,270.40666666666664,100,100
680.214,270.41966666666667,100,100
680.2550200000001,270.43868333333336,100,100
680.2931686000001,270.45008250000006,100,100
680.300646798,270.4342450416667,100,100
680.27960152214,270.41253278958334,100,100
680.2740294155901,270.3852394834375,100,100
680.2828473564988,270.3659775092656,100,100
680.2910480415438,270.3410119671356,100,100
680.2846746786357,270.3106280354455,100,100
680.2927474511313,270.27509663367323,100,100
680.300255129552,270.2680084686562,100,100
680.3072372704834,270.28794137855675,100,100
680.3417306615496,270.3202109762956,100,100
680.4158095152411,270.3508670941475,100,100
680.4987028491742,270.37999040610674,100,100
680.575793649732,270.40099088580143,100,100
680.6474880942507,270.42094134151137,100,100
680.7141639276531,270.44656094110246,100,100
680.7621724527173,270.4975662273807,100,100
680.806820381027,270.5593545826783,100,100
680.8343429543551,270.63138685354437,100,100
680.8459389475502,270.69981751086715,100,100
680.8287232212217,270.7781599686571,100,100
680.7847125957362,270.85925197022425,100,100
680.7297827140346,270.93628937171303,100,100
680.6786979240521,271.0094749031274,100,100
680.6171890693685,271.079001157971,100,100
680.5459858345126,271.13838443340575,100,100
680.4657668260967,271.1747985450688,100,100
680.3771631482698,271.202725284482,100,100
680.2947617278909,271.2025890202579,100,100
680.2181284069385,271.202459569245,100,100
680.1468594184528,271.2023365907827,100,100
680.094579259161,271.20221976124355,100,100
680.0319587110197,271.1954421065147,100,100
679.9597216012482,271.1823366678556,100,100
679.9065410891608,271.1698865011295,100,100
679.8710832129195,271.15139217607305,100,100
679.8521073880152,271.12715590060276,100,100
679.8344598708541,271.104131438906,100,100
679.8180476798942,271.0755915336274,100,100
679.7887843423016,271.041811956946,100,100
679.7335694383404,271.003054692432,100,100
679.6402195776566,270.97290195781034,100,100
679.5394042072206,270.93759019325313,100,100
679.4596459127152,270.9373773502571,100,100
679.3854706988252,270.93717514941096,100,100
679.3024877499074,270.9369830586071,100,100
679.2253136074139,270.93680057234343,100,100
679.139541654895,270.93662721039294,100,100
679.0597737390523,270.93646251653996,100,100
678.9855895773186,270.9429727240463,100,100
678.9305983069063,270.95582408784395,100,100
678.8934564254229,270.97469955011843,100,100
678.8729144756433,270.9992979059458,100,100
678.8398104623483,271.0293330106485,100,100
678.7950237299839,271.06453302678267,100,100
678.753372068885,271.1113063754435,100,100
678.6866360240631,271.15574105667133,100,100
678.6245715023787,271.21795400383775,100,100
678.5668514972122,271.27705630364585,100,100
678.5131718924073,271.33320348846354,100,100
678.4632498599387,271.38654331404035,100,100
678.416822369743,271.43721614833834,100,100
678.373644803861,271.49202200758805,100,100
678.3334896675907,271.5574209072086,100,100
678.2821453908593,271.60621652851484,100,100
678.2203952134992,271.6392390354224,100,100
678.1909675485542,271.6772770836513,100,100
678.1775998201555,271.7134132294687,100,100
678.1791678327446,271.7544092346619,100,100
678.1946260844525,271.80002210626213,100,100
678.2090022585409,271.8366876676157,100,100
678.2363721004431,271.89151995090157,100,100
678.261826053412,271.94361062002315,100,100
678.2854982296732,271.9997634223553,100,100
678.335513353596,272.0597752512375,100,100
678.3960274188441,272.1234531553423,100,100
678.438305499525,272.1839471642419,100,100
678.4636241145581,272.24141647269647,100,100
678.4731704265391,272.28934564906166,100,100
678.4540484966814,272.33487836660856,100,100
678.4222651019137,272.37813444827816,100,100
678.3647065447797,272.39922772586425,100,100
678.2971770866451,272.4059330062377,100,100
678.2343746905799,272.4056363559258,100,100
678.1619684622393,272.40535453812953,100,100
678.0806306698825,272.40508681122304,100,100
678.0049865229906,272.3981658039952,100,100
677.9346374663812,272.3915908471288,100,100
677.8692128437344,272.38534463810566,100,100
677.8223679446729,272.3727440728671,100,100
677.7788021885458,272.35410686922376,100,100
677.7382860353475,272.3364015257626,100,100
677.7146060128732,272.32624811614113,100,100
677.692583591972,272.3232690436674,100,100
677.672102740534,272.33377225815065,100,100
677.6670555486966,272.3570836452431,100,100
677.6623616602877,272.3925627963142,100,100
677.6579963440676,272.4462679898318,100,100
677.6539365999828,272.50395459034024,100,100
677.6361610379839,272.5654235274899,100,100
677.619629765325,272.6371523511154,100,100
677.6182556817523,272.71196140022624,100,100
677.6169777840296,272.7896966635482,100,100
677.5877893391474,272.83687849703745,100,100
677.546644085407,272.88836790551886,100,100
677.4943789994285,272.9439495102429,100,100
677.4317724694685,273.0034187013974,100,100
677.3595483966055,273.05991443299416,100,100
677.2643800088432,273.11358537801107,500,100
677.1618734082242,273.1645727757772,500,100
677.0665422696485,273.2130108036549,500,100
676.9778843107731,273.2723602634722,500,100
676.881432409019,273.3220755836319,500,100
676.8057321403877,273.3693051377836,500,100
676.7353308905606,273.40750654756107,500,100
676.6698577282214,273.44379788684967,500,100
676.6649676872457,273.4782746591738,500,100
676.8424199491385,273.47769425954846,500,100
677.1754505526987,273.4704762132377,500,100
677.6671690140098,273.4369524025758,500,100
678.2924671830291,273.37843811578034,500,100
679.027994480217,273.2895162099913,500,100
679.8660348666018,273.15170706615834,500,100
680.8134124259396,272.98745504618375,500,100
681.8624735561239,272.79808229387453,500,100
683.0061004071952,272.58484484584744,500,100
684.1956733786915,272.33560260355506,500,100
685.287976242183,272.07215580671067,500,100
686.3178179052302,271.78188134970844,500,100
687.2755706518641,271.4661206155563,500,100
688.1522807062336,271.1328145847785,500,100
688.9676210567972,270.7761738555395,500,100
689.7398875828213,270.4306984960959,500,100
690.4580954520238,270.1024969046244,500,100
691.1260287703822,269.7840387260598,500,100
691.7612067564554,269.48150345642347,500,100
692.3379222835035,269.19409495026895,500,100
692.8742677236582,268.94105686942214,500,100
693.3730689830021,268.7006706926177,500,100
693.8649541541919,268.4789704913201,500,100
694.3644073633984,268.27502196675414,500,100
694.8568988479606,268.0879375350831,500,100
695.3149159286033,267.91687399166227,500,100
695.7408718136012,267.7743636254125,500,100
696.1510107866491,267.6523121108085,500,100
696.5464400315835,267.5430298386014,500,100
696.9141892293726,267.43921168000463,500,100
697.2841959833165,267.3405844293377,500,100
697.6563022644843,267.2468885412041,500,100
697.9883611059704,267.15787744747723,500,100
698.2691758285524,267.0733169084367,500,100
698.5163335205536,266.9996510630149,500,100
698.7601901741149,266.9363351765308,500,100
699.0009768619268,266.87618508437095,500,100
699.2249084815919,266.81904249681907,500,100
699.4051648878805,266.75809037197814,500,100
699.5728033457287,266.69351918671254,500,100
699.7007071115277,266.6188432273769,500,100
699.8056576137208,266.54123439934136,500,100
699.8892615807604,266.45417267937427,500,100
699.9670132701071,266.3514640454056,500,100
700.0253223411996,266.2538908431353,500,100
700.0655497773156,266.16119630097853,500,100
700.0889612929035,266.0664698192629,500,100
700.1247340024003,265.9898129949664,500,100
700.1580026222322,265.9103223452181,500,100
700.2169424386759,265.8348062279572,500,100
700.2997564679686,265.76306591655936,500,100
700.3627735152107,265.6949126207314,500,100
700.421379369146,265.61683365636145,500,100
700.4898828133057,265.54265864021005,500,100
700.5675910163742,265.4721923748662,500,100
700.639859645228,265.3985827561229,500,100
700.7210694700619,265.3353202849834,500,100
700.7965946071575,265.28855427073427,500,100
700.8808329846564,265.2507932238642,500,100
700.9311746757304,265.22158689600434,500,100
700.9499924484293,265.2005075512041,500,100
700.9814929770391,265.1938155069772,500,100
701.0247884686463,265.17412473162835,500,100
701.065053275841,265.15541849504694,500,100
701.116499546532,265.1376475702946,500,100
701.1923445782747,265.1207651917798,500,100
701.2488804577955,265.0913935988575,500,100
701.2734588257498,265.0634905855813,500,100
701.2823167079473,265.03031605630224,500,100
701.3045545383909,264.9988002534871,500,100
701.3392357207035,264.9821935741461,500,100
701.3714892202543,264.95975056210546,500,100
701.4154849748364,264.9317630340002,500,100
701.4704010265979,264.9051748823002,500,100
701.5214729547359,264.8732494715185,500,100
701.5549698479043,264.8362536646092,500,100
701.600121958551,264.78777431471207,500,100
701.6561134214523,264.7483855989764,500,100
701.7221854819506,264.71763298569425,500,100
701.783632498214,264.6884180030762,500,100
701.854778223339,264.66066376958906,500,100
701.9069437477053,264.6409639144429,500,100
701.9414576853659,264.62891571872075,500,100
701.9595556473902,264.6241365994514,500,100
701.9623867520728,264.6262631028121,500,100
701.9650196794277,264.6149499476715,500,100
701.9674683018677,264.5908691169546,500,100
701.9697455207369,264.56799232777354,500,100
701.9718633342852,264.5462593780515,500,100
701.9738329008852,264.52561307581556,500,100
701.9616645978232,264.5126657553581,500,100
701.9643480759755,264.5070324675902,500,100
701.9668437106571,264.495014177544,500,100
701.9691646509111,264.4702634686668,500,100
701.9853231253473,264.44675029523347,500,100
702.000350506573,264.41774611380515,500,100
702.0283259711128,264.40352547478153,500,100
702.068343153135,264.39668253437577,500,100
702.1055591324155,264.3901817409903,500,100
702.1541699931464,264.38400598727407,500,100
702.2133780936261,264.3981390212437,500,100
702.2824416270723,264.43156540351487,500,100
702.3606707131772,264.4699871333391,500,100
702.4334237632548,264.50648777667215,500,100
702.487084099827,264.55449672117186,500,100
702.5509882128391,264.6001052184466,500,100
702.6104190379403,264.6500999575242,500,100
702.6516897052845,264.6909282929813,500,100
702.6900714259147,264.7430485449989,500,100
702.7117664261007,264.7925627844156,500,100
702.7459427762736,264.85960131186147,500,100
702.7637267819345,264.92328791293505,500,100
702.766265907199,264.98379018395497,500,100
702.7826272936951,265.05460067475724,500,100
702.8118433831364,265.12853730768603,500,100
702.8390143463168,265.1987771089684,500,100
702.8502833420747,265.2521715868533,500,100
702.8747635081295,265.302896340844,500,100
702.9115300625605,265.3510848571351,500,100
702.9597229581813,265.3968639476117,500,100
702.9905423511086,265.4470207502311,500,100
703.033204386531,265.49466971271954,500,100
703.1148800794738,265.56660289375026,500,100
703.1908384739105,265.6416060823961,500,100
703.2614797807367,265.71952577827625,500,100
703.3411761960851,265.7935494893624,500,100
703.4432938623592,265.8772053482276,500,100
703.538263291994,265.9500117474829,500,100
703.6265848615544,266.01917782677543,500,100
703.7087239212456,266.0848856021033,500,100
703.7851132467583,266.1473079886648,500,100
703.8561553194852,266.21994258923155,500,100
703.9222244471212,266.3022787931033,500,100
704.0116687358227,266.4004981867815,500,100
704.0948519243151,266.4938066107757,500,100
704.1582122896131,266.58244961357025,500,100
704.2031374293401,266.6733271328917,500,100
704.2729178092864,266.75966077624713,500,100
704.3658135626363,266.8483444041014,900,100
704.4522066132517,266.93259385056297,900,100
704.5045521503241,266.9926308247015,900,100
704.5392334998014,267.0296659501331,900,100
704.5294871548152,267.07151598595976,900,100
704.4784230539781,267.10460685332845,900,100
704.4169334401996,267.12937651066204,900,100
704.5277480993857,267.1395743517956,900,100
704.8128057324286,267.1425956342058,900,100
705.2459093311586,267.13213251916216,900,100
705.8166956779775,267.1088592265374,900,100
706.515526980519,267.08674959854386,900,100
707.3754400918826,267.0590787852833,900,100
708.3711592854509,267.0261248460191,900,100
709.4931781354692,266.9814852703848,900,100
710.7326556659863,266.9257443401989,900,100
712.0673697693672,266.8727904565223,900,100
713.3226538855115,266.8358176003628,900,100
714.4900681135257,266.81402672034466,900,100
715.5477633455788,266.7999920509941,900,100
716.5174199113883,266.7799924484444,900,100
717.4332005175911,266.7609928260222,900,100
718.2848764813597,266.74294318472107,900,100
719.0629351276644,266.725796025485,900,100
719.7725296687279,266.70950622421077,900,100
720.4464525919169,266.69403091300023,900,100
721.0732009104827,266.6793293673502,900,100
721.6420768467489,266.66536289898266,900,100
722.1571314674763,266.6520947540335,900,100
722.636132264753,266.63282334966516,900,100
723.0676030062202,266.6211821821819,900,100
723.4688707957847,266.61012307307277,900,100
723.8280498400798,266.59961691941913,900,100
724.1620863512742,266.58963607344816,900,100
724.486740306685,266.58015426977573,900,100
724.760668485217,266.5778132229536,900,100
725.0154216912518,266.57558922847255,900,100
725.2663421728643,266.58014310038226,900,100
725.4856982207638,266.5844692786965,900,100
725.6896993453103,266.588579148095,900,100
725.8794203911385,266.5924835240236,900,100
726.0418609637588,266.5895260144891,900,100
726.1929306962958,266.58671638043126,900,100
726.3474255475551,266.5773805614097,900,100
726.4771057592262,266.56851153333923,900,100
726.5977083560804,266.54675262333893,900,100
726.7098687711548,266.5127483255053,900,100
726.8141779571739,266.46711090923003,900,100
726.9251855001718,266.4104220304352,900,100
727.0284225151597,266.34323426224677,900,100
727.1244329390986,266.2727392158011,900,100
727.1997226333617,266.1857689216777,900,100
727.2837420490264,266.0964804755938,900,100
727.3338801055945,266.0049897851474,900,100
727.3665084982028,265.91140696255667,900,100
727.3968529033286,265.8158366144288,900,100
727.4250732000957,265.7183781170407,900,100
727.4373180760889,265.6191258778553,900,100
727.4347058107627,265.52483625062916,900,100
727.4322764040093,265.4352611047643,900,100
727.4300170557286,265.35016471619275,900,100
727.4419158618276,265.2759898137164,900,100
727.4529817514997,265.2121903230306,900,100
727.4772730288947,265.1649141402124,900,100
727.5278639168721,265.1333350998684,900,100
727.588913442691,265.116668344875,900,100
727.6456895017027,265.1275015942979,900,100
727.6984912365835,265.151126514583,900,100
727.7615968500227,265.18690352218715,900,100
727.8202850705211,265.23422501274445,900,100
727.8748651155846,265.2925137621072,900,100
727.9256245574937,265.36122140733517,900,100
727.9588308384692,265.4331603369684,900,100
727.9897126797764,265.5148356534533,900,100
728.004432792192,265.6057605374473,900,100
728.0041224967385,265.69880584390825,900,100
727.9898339219668,265.7805322183795,900,100
727.976545547429,265.8581722741272,900,100
727.964187359109,265.93193032708746,900,100
727.9526942439713,266.00200047739975,900,100
727.9280056468933,266.06190045352974,900,100
727.9050452516108,266.11213876418657,900,100
727.869692083998,266.14653182597726,900,100
727.8368136381181,266.1725385680117,900,100
727.8062366834498,266.19057830627776,900,100
727.7638001156083,266.2010493909639,900,100
727.7243341075157,266.20433025474904,900,100
727.6876307199896,266.20744707534493,900,100
727.6254965695903,266.20374138824434,900,100
727.5397118097189,266.1935543188321,900,100
727.4599319830386,266.1838766028905,900,100
727.3717367442259,266.1813494394126,900,100
727.2897151721302,266.17228196744196,900,100
727.199435110081,266.15033453573653,900,100
727.1014746523754,266.1228178089497,900,100
727.0103714267091,266.09001025183557,900,100
726.9256454268394,266.0521764059104,900,100
726.8328502469607,266.0229009189482,900,100
726.7745507296735,265.98842253966745,900,100
726.7483321785962,265.9490014126841,900,100
726.7239489260944,265.91155134204985,900,100
726.7012725012678,265.87597377494734,900,100
726.6801834261789,265.8421750862,900,100
726.6745705863464,265.81673299855663,900,100
726.6833506453021,265.7992296819621,900,100
726.6915161001309,265.7826015311973,900,100
726.6991099731217,265.7668047879708,900,100
726.7061722750032,265.75846454857225,900,100
726.6987402157529,265.7572079878103,900,100
726.6778284006502,265.7560142550865,900,100
726.6723804126046,265.7615468756655,900,100
726.6673137837222,265.7734695318822,900,100
726.6626018188616,265.77812938862144,900,100
726.6442196915414,265.7825562525237,900,100
726.6131243131335,265.78676177323086,900,100
726.5702056112142,265.784090351236,900,100
726.5302912184292,265.78155250034087,900,100
726.4931708331392,265.7791415419905,900,100
726.4586488748195,265.7635177982243,900,100
726.4125434535821,265.7353419083131,900,100
726.3416654118313,265.7019081462308,900,100
726.261748833003,265.6634794055859,900,100
726.1734264146928,265.6203054353066,900,100
726.0912865656643,265.57929016354126,900,100
726.0008965060678,265.53365898869754,900,100
725.9168337506429,265.4836427059293,900,100
725.8386553880979,265.42946057063284,900,100
725.737949510931,265.3513208754345,900,100
725.6162930451659,265.26375483166277,900,100
725.4751525320042,265.15390042341295,900,100
725.3158918547639,265.0295387355756,900,100
725.1397794249303,264.88472846546347,900,100
724.9479948651851,264.71382537552364,900,100
724.7136352246222,264.5248007734141,900,100
724.4676807588986,264.31856073474336,900,100
724.2109431057756,264.0959660313395,900,100
723.9301770883712,263.8578343964392,900,100
723.6550646921852,263.60494267661727,900,100
723.3852101637322,263.33136220945306,900,100
723.1342454522709,263.0447940989804,900,100
722.9008482706118,262.7458877273647,900,100
722.6837888916689,262.4352600076631,900,100
722.495923669252,262.1401636739466,900,100
722.3352090124042,261.8464888235826,900,100
722.1857443815359,261.56083104907015,900,100
722.0467422748283,261.27612282994994,900,100
721.9034703155902,260.99231668845243,900,100
721.7842273934988,260.73603418736315,900,100
721.6873314759538,260.4925658113283,900,250
721.611218272637,260.2612708540952,900,250
721.5404329935524,260.04154064472374,900,250
721.4746026840037,259.83279694582086,900,250
721.4133804961234,259.64782376519645,900,250
721.3564438613947,259.4654325769366,900,250
721.303492791097,259.2854942814231,900,250
721.2542482957202,259.1078862340186,900,250
721.2224509150197,258.93915858898436,900,250
721.1788793509684,258.7788673262018,900,250
721.1383577964006,258.62659062655837,900,250
721.1006727506525,258.4885944285638,900,250
721.0516256581068,258.36416470713556,900,250
721.0060118620393,258.2526231384454,900,250
720.9775910316964,258.13332531485645,900,250
720.9651596594776,258.01999238244696,900,250
720.9535984833142,257.9123260966579,900,250
720.9428465894822,257.81004312515836,900,250
720.9468473282184,257.71954096890045,900,250
720.9645680152431,257.62689725378874,900,250
720.9810482541761,257.55221905776597,900,250
720.9963748763838,257.49460810487767,900,250
721.024628635037,257.44654436630043,900,250
721.0509046305843,257.40088381465205,900,250
721.0613413064434,257.3641729572528,900,250
721.0570474149923,257.33596430939014,900,250
721.0530540959428,257.3158327605873,900,250
721.0633403092268,257.31670778922455,900,250
721.0729064875809,257.3242057330966,900,250
721.0818030334502,257.33799544644177,900,250
721.0900768211087,257.35776234078634,900,250
721.0977714436311,257.3832075570803,900,250
721.1049274425769,257.4073805125596,900,250
721.1255825215966,257.4236781535983,900,250
721.1307917450848,257.43916091258507,900,250
721.1356363229289,257.4538695336225,900,250
721.1541417803239,257.467842723608,900,250
721.1853518557012,257.48778392076093,900,250
721.2003772258022,257.5067280580562,900,250
721.2143508199961,257.53805832182,900,250
721.2273462625964,257.581155405729,900,250
721.2254320242146,257.62209763544257,900,250
721.2236517825196,257.6476594203371,900,250
721.2219961577432,257.6719431159869,900,250
721.2344564267012,257.69501262685424,900,250
721.2320444768321,257.7169286621782,900,250
721.2158013634538,257.7310822290693,900,250
721.172695268012,257.7445281176158,900,250
721.1466065992512,257.76396837840167,900,250
721.1223441373036,257.78243662614824,900,250
721.0717800476923,257.7933147948408,900,250
721.0387554443538,257.80364905509873,900,250
721.036042563249,257.8267999356771,900,250
721.0475195838216,257.8687932722266,900,250
721.044193212954,257.89535360861527,900,250
721.0550996880472,257.90058592818446,900,250
721.0792427098839,257.9055566317752,900,250
721.1156957201921,257.9102788001864,900,250
721.1495970197786,257.91476486017706,900,250
721.1531252283942,257.9123599505015,900,250
721.1564064624066,257.90340861964313,900,250
721.1594580100382,257.90823818866096,900,250
721.1342959493355,257.9128262792279,900,250
721.082895232882,257.9105182985998,900,250
721.0210925665803,257.9016590503365,900,250
720.9776160869196,257.899909431153,900,250
720.9231829608352,257.891580626262,900,250
720.8585601535767,257.86366826161554,900,250
720.7844609428263,257.8238181818681,900,250
720.7295486768284,257.785960606108,900,250
720.7064802694504,257.7566625758026,900,250
720.6710266505888,257.72882944701246,900,250
720.6380547850475,257.7023879746618,900,250
720.6213909500941,257.68393524259534,900,250
720.6198935835874,257.67307181379886,900,250
720.6045010327363,257.6694182231089,900,250
720.5901859604447,257.6592806452868,900,250
720.5768729432135,257.65631661302245,900,250
720.5644918371885,257.660167449038,900,250
720.5669774085852,257.6704924099194,900,250
720.5692889899842,257.68030112275676,900,250
720.5854387606853,257.6962860666189,900,250
720.6144580474373,257.7181384299546,900,250
720.6414459841167,257.73889817512355,900,250
720.6805447652285,257.758619933034,900,250
720.7309066316626,257.777355603049,900,250
720.7637431674463,257.7884878228965,900,250
720.808281145725,257.7990634317517,900,250
720.8777014655243,257.80911026016406,900,250
720.9422623629375,257.8253214138225,900,250
721.002303997532,257.84738867646473,900,250
721.0301427177047,257.86168590930816,900,250
721.0560327274654,257.8819349471761,900,250
721.0661104365429,257.9011715331506,900,250
721.0754827059849,257.9327796231597,900,250
721.0841989165659,257.9761406420017,900,250
721.1203049924063,258.03066694323496,900,250
721.1538836429379,258.0824669294065,900,250
721.1711117879322,258.1450102496028,900,250
721.1871339627769,258.21775973712266,900,250
721.1880345853825,258.2935384169332,900,250
721.2028721644058,258.37886149608653,900,250
721.2166711128974,258.4665850879489,900,250
721.2435041349946,258.55658916688475,900,250
721.268458845545,258.64875970854047,900,250
721.2636667263567,258.7229883897801,900,250
721.2452100555117,258.80683897029104,900,250
721.228045351626,258.88649702177645,900,250
721.2120821770121,258.96883883735427,900,250
721.1972364246212,259.04039689548654,900,250
721.1974298748977,259.10171038404553,900,250
721.2116097836548,259.16662486484324,900,250
721.2107970987989,259.22829362160104,900,250
721.196041301883,259.27354560718766,900,250
721.1823184107512,259.31653499349494,900,250
721.1975561219987,259.37070824382016,900,250
721.2257271934587,259.4288394982958,900,250
721.2519262899166,259.4907308567144,900,250
721.2762914496225,259.54286098054536,900,250
721.2849510481489,259.58571793151805,900,250
721.2790044747784,259.6330987016088,900,250
721.2594741615438,259.678110433195,900,250
721.2413109702358,259.7208715782019,900,250
721.2244192023193,259.7614946659585,900,250
721.1947098581569,259.7934199326605,900,250
721.1670801680859,259.82374893602747,900,250
721.1273845563198,259.8392281558928,900,250
721.0624676373774,259.84726674809815,900,250
720.9740949027608,259.84823674402656,900,250
720.8919082595675,259.8424915734919,900,250
720.8014746813976,259.81703366148395,900,250
720.7033714536998,259.77951531174307,900,250
720.6261354519409,259.74387287948923,900,250
720.540305970305,259.7033459021814,900,250
720.4464845523836,259.65151194040567,900,250
720.3312306337167,259.6022696767187,900,250
720.2100444893565,259.54882285954943,900,250
720.1253413751016,259.511381716572,900,250
720.0605674788445,259.48247929741,900,250
720.0003277553254,259.4616886658728,900,250
719.9583048124526,259.4419375659125,900,250
719.919223475581,259.4165073542835,900,250
719.8688778322903,259.40568198656933,900,250
719.83605638403,259.4087312205742,900,250
719.8335324371478,259.4182946595455,900,250
719.8451851665474,259.4340465932349,900,250
719.870022204889,259.45567759690647,900,250
719.8511206505468,259.4695603837278,500,250
719.8055422050086,259.48941569787473,500,250
719.763154250658,259.52161157964764,500,250
719.7237334531119,259.5588643339986,500,250
719.7010721113941,259.60092111729864,500,250
719.6799970635965,259.6208750614337,500,250
719.6463972691447,259.62649797502866,500,250
719.5871494603045,259.62517307627724,500,250
719.5320489980833,259.6172477557967,500,250
719.3268055682174,259.6097187013402,500,250
718.9539291784422,259.61589943293984,500,250
718.4531541359512,259.64843779462615,500,250
717.8054333464346,259.6926825715615,500,250
717.0210530121841,259.7547151096501,500,250
716.0955793013311,259.84697935416756,500,250
715.0528887502379,259.9679637197925,500,250
713.9011865377213,260.1028988671362,500,250
712.6341034800807,260.24442059044605,500,250
711.245716236475,260.39219956092376,500,250
709.9125160999217,260.55258958287754,500,250
708.6866399729271,260.738293437067,500,250
707.5465751748221,260.9480454318803,500,250
706.4863149125845,261.1806431602863,500,250
705.4722728687036,261.42161100227196,500,250
704.5292137678944,261.677197118825,500,250
703.6381688041417,261.9266705962171,500,250
702.8234969878519,262.16367039973954,500,250
702.0938521987022,262.3954868797525,500,250
701.443282544793,262.6157125357649,500,250
700.8522527666574,262.81826024231,500,250
700.3165950729914,262.99734723019446,500,250
699.8184334178819,263.1674798686847,500,250
699.3551430786301,263.3424392085838,500,250
698.952283063126,263.5219839148213,500,250
698.5636232487071,263.67921805241355,500,250
698.1881696212976,263.8085904831262,500,250
697.8109977478067,263.9114942923032,500,250
697.4462279054602,263.995919577688,500,250
697.1069919520779,264.08945693213695,500,250
696.8055025154324,264.1916507521968,500,250
696.5391173393521,264.30206821458694,500,250
696.2913791255974,264.40029813719093,500,250
696.0609825868055,264.4936165636647,500,250
695.8467138057291,264.5822690688148,500,250
695.6754438393281,264.67982228204073,500,250
695.5441627705751,264.79249783460534,500,250
695.4220713766348,264.8862062762084,500,250
695.3085263802703,264.96189596239793,500,250
695.2029295336514,265.02713449761137,500,250
695.0907244662958,265.10244443939746,500,250
694.972373753655,265.18732221742755,500,250
694.8343075908991,265.2679561065562,500,250
694.6779060595361,265.3378916345617,500,250
694.5324526353685,265.4043303861669,500,250
694.3971809508927,265.4607805335252,500,250
694.2713782843301,265.5010748401823,500,250
694.168381804427,265.5326877648398,500,250
694.086595078117,265.5493867099311,500,250
694.0105334226488,265.55858404110126,500,250
693.9397960830634,265.54732150571283,500,250
693.8740103572488,265.5166220970939,500,250
693.8408296322414,265.50079099223916,500,250
693.8239715579845,265.4857514426272,500,250
693.7942935489256,265.46479720382916,500,250
693.7666930005007,265.44489067697106,500,250
693.7410244904656,265.42597947645584,500,250
693.717152776133,265.40801383596636,500,250
693.6949520818036,265.4042798108347,500,250
693.6743054360774,265.39406582029295,500,250
693.6551040555519,265.37769586261163,500,250
693.6372467716632,265.3621444028144,500,250
693.6066394976467,265.347370516007,500,250
693.5781747328114,265.33333532354,500,250
693.5657025015146,265.3200018906963,500,250
693.5401033264085,265.3006684628281,500,250
693.5022960935598,265.2756350396867,500,250
693.4531353670105,265.238519954369,500,250
693.4074158913197,265.2032606233172,500,250
693.3648967789272,265.1764309254847,500,250
693.3253540044022,265.1509427125438,500,250
693.2885792240941,265.12672891024994,500,250
693.2683786784074,265.11705913140406,500,250
693.2495921709188,265.10120617483386,500,250
693.2181207189544,265.0728125327588,500,250
693.2168522686276,265.0525052394542,500,250
693.2296726098236,265.02654664414814,500,250
693.269595527136,265.0018859786074,500,250
693.2367238402363,264.9651250130103,500,250
693.2201531714197,264.94353542902644,500,250
693.2187424494203,264.9363586575751,500,250
693.2034304779609,264.92287405802966,500,250
693.2031903445036,264.93006368846153,500,250
693.2029670203883,264.9302271707051,500,250
693.2167593289611,264.92371581216986,500,250
693.2155861759337,264.9108633548947,500,250
693.2004951436182,264.88532018714994,500,250
693.1864604835649,264.8610541777924,500,250
693.2434082497153,264.84466813556946,500,250
693.2823696722353,264.84910139545764,500,250
693.3046037951788,264.84664632568473,500,250
693.3392815295163,264.85098067606714,500,250
693.3575318224501,264.8617649755971,500,250
693.3745045948787,264.88534339348394,500,250
693.3762892732371,264.8944095571431,500,250
693.3779490241105,264.89635574595263,500,250
693.3934925924228,264.911537958655,500,250
693.4079481109532,264.9192943940556,500,250
693.4353917431864,264.94666300768614,500,250
693.4749143211634,264.9859965239685,500,250
693.5256703186819,265.03669669777,500,250
693.5728733963742,265.10486186288153,500,250
693.6167722586281,265.16961876973744,500,250
693.6715982005242,265.2311378312506,500,250
693.7365863264874,265.2829142730214,500,250
693.7970252836333,265.33210189270363,500,250
693.8532335137788,265.3788301314018,500,250
693.9055071678142,265.4298886248317,500,250
693.9541216660673,265.4917275269234,500,250
693.9993331494425,265.5638078172439,500,250
694.0273798289816,265.6322840930484,500,250
694.0534632409529,265.7040032217293,500,250
694.0917208140861,265.7788030606428,500,250
694.1273003571,265.843196240944,500,250
694.160389332103,265.8977030955635,500,250
694.2051620788558,265.9428179407853,500,250
694.2468007333358,265.9723437104127,500,250
694.2995246820022,266.0003931915587,500,250
694.348557954262,266.02704019864746,500,250
694.3941588974636,266.05235485538174,500,250
694.4505677746412,266.0764037792793,500,250
694.5170280304162,266.10591692364864,500,250
694.578836068287,266.1206210774662,500,250
694.650317543507,266.12125669025954,500,250
694.7307953154615,266.11519385574655,500,250
694.8196396433791,266.11610082962585,500,250
694.9302648683425,266.1169624548112,500,250
695.0331463275586,266.11778099873726,500,250
695.1428260846295,266.1318919488004,500,250
695.2588282587053,266.15863068469366,500,250
695.366710280596,266.1840324837923,500,250
695.4810405609542,266.21483085960267,500,250
695.6013677216873,266.24408931662254,500,250
695.7272719811691,266.2785515174581,500,250
695.8303629424872,266.3046239415852,500,250
695.9122375365131,266.3293927445059,500,250
695.9743809089571,266.34625644061396,500,250
696.03217424533,266.3689436185832,100,250
696.0859220481568,266.4038297709874,100,250
696.1359075047858,266.43697161577137,100,250
696.1123939794508,266.44178970164944,100,250
696.0065264008892,266.419700216567,100,250
695.894069552827,266.3853818724053,100,250
695.7894846841291,266.3394461121183,100,250
695.56622075624,266.2958071398457,100,250
695.1625853033032,266.26768344952006,100,250
694.5912043320719,266.2676326103774,100,250
693.8638200288268,266.29425097985853,100,250
692.9773526268089,266.33287176419896,100,250
691.9289379429322,266.3828948426557,100,250
690.8139122869269,266.4370834338562,100,250
689.636938426842,266.50189592883004,100,250
688.332352736963,266.5701344657219,100,250
686.8950880453756,266.6416277424358,100,250
685.5024318821993,266.71621302198065,100,250
684.2072616504454,266.81373570421493,100,250
683.0027533349142,266.9330489190042,100,250
681.8825606014702,267.066396473054,100,250
680.8267813593674,267.21974331606793,100,250
679.8449066642116,267.3654228169312,100,250
678.9457631977168,267.51048500941795,100,250
678.1235597738767,267.6416274256137,100,250
677.3589105897053,267.7528793876663,100,250
676.6477868484259,267.85190208494964,100,250
675.9864417690361,267.95930698070214,100,250
675.3713908452036,268.0746749650003,100,250
674.7993934860393,268.14427455008365,100,250
674.2674359420166,268.17706082257945,100,250
673.7867154260754,268.2082077814505,100,250
673.35364534625,268.2444640590446,100,250
672.9508901720125,268.2855741894257,100,250
672.5903278599716,268.33796214662107,100,250
672.2690049097736,268.38773070595664,100,250
671.9841745660893,268.42167750399216,100,250
671.719282346463,268.4539269621259,100,250
671.4729325822105,268.47789728068625,100,250
671.2438273014558,268.5006690833186,100,250
671.0307593903539,268.528968962486,100,250
670.8326062330291,268.56252051436167,100,250
670.648323796717,268.59439448864356,100,250
670.4909411309468,268.631341430878,100,250
670.3445752517805,268.71310769266745,100,250
670.2224549841559,268.8307856413674,100,250
670.1228831352649,268.94257969263236,100,250
670.0442813157964,269.04878404133405,100,250
669.9711816236907,269.143011505934,100,250
669.9031989100323,269.2391942639706,100,250
669.83997498633,269.3505678841054,100,250
669.781176737287,269.4763728232334,100,250
669.7264943656769,269.5958875154051,100,250
669.6616397600795,269.71609313963484,100,250
669.5873249768739,269.8302884826531,100,250
669.5182122284928,269.93877405852044,100,250
669.4539373724982,270.0418353555944,100,250
669.3801617564233,270.133076921148,100,250
669.3115504334736,270.2064230750906,100,250
669.2477419031304,270.26943525466936,100,250
669.1883999699113,270.3292968252692,100,250
669.1332119720175,270.386165317339,100,250
669.0818871339762,270.446857051472,100,250
669.0481550345979,270.51784753223177,100,250
669.016784182176,270.58528848895355,100,250
668.9736092894236,270.6426907311725,100,250
668.919456639164,270.6905561946138,100,250
668.8970946744224,270.74269505154973,100,250
668.8902980472128,270.7855602989722,100,250
668.8979771839079,270.8196156173569,100,250
668.9191187810343,270.86530150315565,100,250
668.9527804663619,270.89536976133115,100,250
668.9980858337165,270.9306012732646,100,250
669.0402198253562,270.9774045429347,100,250
669.0934044375812,271.0352009824547,100,250
669.1568661269504,271.0967742666653,100,250
669.2298854980638,271.16193555333206,100,250
669.2837935131993,271.2171721089988,100,250
669.3339279672753,271.2696468368822,100,250
669.3805530095659,271.31283116170476,100,250
669.4379142988962,271.3538562702862,100,250
669.4912602979734,271.37949679010524,100,250
669.5548720771153,271.4038552839333,100,250
669.6280310317172,271.43366251973663,100,250
669.682068859497,271.4819793937498,100,250
669.7463240393322,271.5212137573956,100,250
669.8060813565789,271.5718197361925,100,250
669.8616556616183,271.63322874938285,100,250
669.9133397653051,271.69823397858033,100,250
669.9614059817337,271.76665561298466,100,250
669.9921075630123,271.83832283233545,100,250
670.0206600336014,271.91974002405203,100,250
670.0332138312492,272.01708635618274,100,250
670.0308888630617,272.12289870504026,100,250
670.0427266426474,272.21008710312157,100,250
670.025735777662,272.2995827479655,100,250
670.0099342732256,272.4046036105672,100,250
669.9952388740996,272.5177067633722,100,250
669.9675721529127,272.63182142520355,100,250
669.9418421022087,272.7202303539434,100,250
669.9179131550541,272.79755216957955,100,250
669.8816592342004,272.8776745611006,100,250
669.8339430878063,272.9471241663789,100,250
669.7895670716599,272.99310129139326,100,250
669.7482973766437,273.0234462268236,100,250
669.7099165602787,273.0522739154824,100,250
669.6602224010592,273.0729935530416,100,250
669.6000068329851,273.0926772087229,100,250
669.5580063546761,273.1113766816201,100,250
669.5189459098488,273.1491411808724,100,250
669.4826196961593,273.1850174551621,100,250
669.4628363174281,273.21909991573733,100,250
669.4584377752082,273.23814491995046,100,250
669.4543471309436,273.2562376739529,100,250
669.4645428317774,273.2467591235886,100,250
669.4880248335529,273.25108783407586,100,250
669.5098630952041,273.25520010903875,100,250
669.5301726785398,273.2591067702535,100,250
669.5350605910419,273.2761514317408,100,250
669.5396063496689,273.3056771934871,100,250
669.5438339051921,273.3270600004794,100,250
669.5337655318286,273.3540403337887,100,250
669.5244019446006,273.3730049837659,100,250
669.5156938084787,273.3843547345776,100,250
669.4935952418851,273.3951369978487,100,250
669.4730435749532,273.40538014795624,100,250
669.4539305247065,273.40844447389173,100,250
669.436155387977,273.41802225019717,100,250
669.4336245108186,273.40712113768734,100,250
669.4312707950613,273.416765080803,100,250
669.3870818394071,273.41926016009614,100,250
669.3179861106486,273.42163048542466,100,250
669.2677270829032,273.3772156278201,100,250
669.2209861870999,273.33502151309574,100,250
669.1775171540029,273.28827043744093,100,250
669.1510909532227,273.2238569155689,100,250
669.1545145864972,273.1293307364571,100,250
669.1436985654424,273.0461975329676,100,250
669.1056396658614,272.97388765631916,100,250
669.0702448892511,272.8985266068365,100,250
669.0793277470035,272.8336002764947,100,250
669.1157748047133,272.7785869293366,100,250
669.1216705683834,272.71965758286973,100,250
669.1131536285965,272.6770080370596,100,250
669.0912328745948,272.64982430187325,100,250
669.0428465733731,272.63733308677956,100,250
668.997847313237,272.58546643244057,100,400
668.9979980013104,272.54285977748515,100,400
669.0261381412187,272.50905012194426,100,400
669.0383084713334,272.47693094918037,100,400
669.03562687834,272.479751068388,100,400
669.0331329968562,272.50909684830197,100,400
669.0308136870763,272.5303086725535,100,400
669.0286567289809,272.53045990559247,100,400
669.0266507579522,272.52393691031284,100,400
669.0387852048956,272.4244067314638,100,400
669.0360702405529,272.2965197282239,100,400
669.0195453237142,272.15502707514605,100,400
668.9761771510541,271.9939423880554,100,400
668.9218447504803,271.8209119353193,100,400
668.8573156179466,271.61653300522,100,400
668.7833035246903,271.43570635495894,100,400
668.7004722779619,271.2772543705443,100,400
668.6234392185045,271.08005831868377,100,400
668.537798473209,270.8593887360829,100,400
668.4721525800843,270.5630859659454,100,400
668.4251018994784,270.2015983343148,100,400
668.3673447665149,269.83818508426566,100,400
668.3136306328588,269.48627583005236,100,400
668.2636764885586,269.1386287052164,100,400
668.2312191343594,268.8616972699555,100,400
668.2150337949543,268.59861240645773,100,400
668.2139814293074,268.35534845280154,100,400
668.1990027292559,268.1309143634948,100,400
668.1850725382079,267.9177019786534,100,400
668.1301174605333,267.715150213054,100,400
668.0510092382959,267.516059369068,100,400
667.9634385916153,267.32692306728126,100,400
667.8819978902022,267.1539102472505,100,400
667.806258037888,266.9895480682213,100,400
667.7218199752358,266.88007066481026,100,400
667.6292925769693,266.8227337982364,100,400
667.5432420965815,266.7549304416579,100,400
667.4632151498207,266.6705172529083,100,400
667.3887900893333,266.5769913902629,100,400
667.37557478308,266.4348084874164,100,400
667.3492845482643,266.29306806304555,100,400
667.3388346298858,266.1384146598933,100,400
667.3431162057938,265.9914939268986,100,400
667.3610980713881,265.8519192305537,100,400
667.3918212063909,265.719323269026,100,400
667.4343937219435,265.586690438908,100,400
667.4599861614074,265.4540225836293,100,400
667.4837871301088,265.32798812111446,100,400
667.5059220310011,265.2082553817254,100,400
667.470507488831,265.0945092793058,100,400
667.4515719646129,264.99311714867383,100,400
667.43396192709,264.90346129124015,100,400
667.4175845921937,264.83162156001146,100,400
667.4023536707402,264.77670714867753,100,400
667.3741889137884,264.77120512457697,100,400
667.3479956898233,264.7726448683481,100,400
667.3376359915356,264.78734595826404,100,400
667.3280014721282,264.8013119936842,100,400
667.3330413690792,264.8145797273333,100,400
667.3517284732436,264.82051740763325,100,400
667.3691074801164,264.8261582039182,100,400
667.3852699565082,264.8248502937223,100,400
667.4003010595526,264.83027444570286,100,400
667.4282799853838,264.842094056751,100,400
667.4683003864069,264.8466560205801,100,400
667.5055193593583,264.8376565528844,100,400
667.5401330042032,264.82244039190687,100,400
667.586323693909,264.8013183723115,100,400
667.6292810353353,264.78125245369597,100,400
667.6692313628619,264.7621898310112,100,400
667.7063851674615,264.73741367279393,100,400
667.7409382057391,264.70720965582086,100,400
667.7730725313373,264.6718491730298,100,400
667.7889574541437,264.62492338104494,100,400
667.8037304323535,264.5736772119927,100,400
667.8454693020888,264.48499335139303,100,400
667.9122864509426,264.3540770171567,100,400
667.9884263993766,264.22970649963224,100,400
668.0592365514203,264.11155450798395,100,400
668.1250899928209,264.0126434492514,100,400
668.1863336933235,263.9253446101222,100,400
668.2572903347908,263.8424107129494,100,400
668.3232800113555,263.7702901773019,100,400
668.3846504105605,263.6951090017701,100,400
668.4417248818213,263.62368688501493,100,400
668.5088041400938,263.50916920743083,100,400
668.5431878502873,263.4070440803926,100,400
668.5471647007671,263.31669187637294,100,400
668.5368631717133,263.24419061588765,100,400
668.5412827496933,263.18198108509324,100,400
668.5453929572147,263.17621536417187,100,400
668.5632154502097,263.17740459596325,100,400
668.5657903686949,263.1785343661651,100,400
668.5681850428863,263.17294098119015,100,400
668.5704120898843,263.167627265464,100,400
668.5304832435924,263.16924590219077,100,400
668.5353494165408,263.11745027374786,100,400
668.553874957383,263.06157776006046,100,400
668.5851037103662,263.00849887205743,100,400
668.6001464506405,262.95807392845455,100,400
668.6141361990957,262.96350356536516,100,400
668.599146665159,262.96199505376353,100,400
668.5992063985979,262.95389530107536,100,400
668.585261950696,262.93953386935493,100,400
668.5582936141473,262.9258905092205,100,400
668.5192130611568,262.90626265042613,100,400
668.4548681468758,262.9276161845715,100,400
668.3950273765944,262.9412353753429,100,400
668.3393754602328,262.95417360657575,100,400
668.2876191780164,262.9531315929136,100,400
668.2394858355551,262.93880834660126,100,400
668.1947218270661,262.9718679292712,100,400
668.1530912991715,262.99660786614095,100,400
668.1283749082294,263.01344413950056,100,400
668.1333886646532,263.0294385991922,100,400
668.1660514581275,263.0313000025659,100,400
668.1824278560586,263.03306833577096,100,400
668.1976579061344,263.03474825231575,100,400
668.2118218527049,263.0363441730333,100,400
668.2249943230156,263.03786029771493,100,400
668.2372447204045,263.0393006161625,100,400
668.2346375899762,263.04066891868774,100,400
668.2182129586778,263.03530213942,100,400
668.2029380515703,263.03020369911565,100,400
668.1747323879603,263.03202684749317,100,400
668.134501120803,263.0404255051185,100,400
668.0970860423466,263.05507089652923,100,400
668.0622900193823,263.07565068503607,100,400
668.0299297180255,263.10186815078424,100,400
667.9998346377637,263.1334414099117,100,400
667.9718462131201,263.16343600608275,100,400
667.9598169782016,263.1852642057786,100,400
667.9626297897274,263.2126676621563,100,400
667.9652457044465,263.23870094571515,100,400
667.9676785051352,263.25676589842936,100,400
667.9699410097757,263.26726093684124,100,400
667.9720451390913,263.2905645566658,100,400
667.9740019793549,263.3260363288325,100,400
667.9618218408,263.3597345123909,100,400
667.9364943119439,263.3850811201047,100,400
667.8989397101077,263.4024937307661,100,400
667.8500139304002,263.4123690442278,100,400
667.8045129552722,263.428417258683,100,400
667.7901970484031,263.3836630624155,100,400
667.7628832550148,263.3344799092947,100,400
667.7234814271637,263.29442258049664,100,400
667.6728377272623,263.26303478480514,100,400
667.611739086354,263.22654971223153,100,400
667.5549173503092,263.1918888932866,500,400
667.5020731357876,263.1656277819556,500,400
667.4669280162824,263.1473463928578,500,400
667.4342430551426,263.11664573988156,500,400
667.4038460412826,263.0741467862208,500,400
667.3475768183928,263.02710611357645,500,400
667.3092464411053,262.9824174745643,500,400
667.273599190228,262.9466299341694,500,400
667.380447246912,262.91263177079423,500,400
667.6478159396281,262.8736668489212,500,400
668.0644688238541,262.8966501731418,500,400
668.6059560061843,262.92515099781804,500,400
669.2775390857514,262.9588934479271,500,400
670.0701113497488,262.99094877553074,500,400
670.9612035552664,263.0214013367542,500,400
671.9439193063977,263.0436646032498,500,400
673.0118449549499,263.058148039754,500,400
674.1590158081034,263.0652406377663,500,400
675.2538847015362,263.0653119392113,500,400
676.2721127724287,263.0587130089174,500,400
677.2050648783587,263.0524440251382,500,400
678.0727103368736,263.0464884905479,500,400
678.8516206132924,263.0341640660205,500,400
679.5900071703619,263.03578919605275,500,400
680.2907066684365,263.0439997362501,500,400
680.942357201646,263.03846641610426,500,400
681.5483921975308,263.0132097619657,500,400
682.1400047437037,262.98921594053405,500,400
682.7042044116444,262.9730884768407,500,400
683.2289101028292,262.9511007196653,500,400
683.7308863956312,262.9302123503487,500,400
684.2257243479369,262.9170350661646,500,400
684.6999236435812,262.897849979523,500,400
685.1269289885305,262.8796241472135,500,400
685.5100439593333,262.8623096065195,500,400
685.8663408821799,262.85252745952687,500,400
686.1976970204272,262.84323441988386,500,400
686.4918582289972,262.834406032223,500,400
686.7514281529674,262.7993523972785,500,400
686.9928281822596,262.73938477741456,500,400
687.2313302095014,262.6957488718772,500,400
687.4251370948361,262.64762809495,500,400
687.5913774981976,262.57524669020245,500,400
687.7319810733238,262.4864843556923,500,400
687.8627423981911,262.415493471241,500,400
687.9983504303177,262.36138546434563,500,400
688.1104659001954,262.3033161911284,500,400
688.2287332871817,262.2614837149053,500,400
688.352721957079,262.23507619582665,500,400
688.4820314200833,262.22998905270197,500,400
688.5742892206775,262.21848960006685,500,400
688.68808897523,262.2142317867302,500,400
688.8219227469639,262.216853530727,500,400
688.9743881546764,262.239344187524,500,400
689.116180983849,262.28071031148113,500,400
689.2340483149794,262.3133414625737,500,400
689.3576649329308,262.3643410561117,500,400
689.4586283876256,262.43279066997275,500,400
689.5385244004917,262.50448446980744,500,400
689.6128276924572,262.5725935796504,500,400
689.7099297539852,262.6372972340012,500,400
689.7862346712062,262.6920990389678,500,400
689.8291982442217,262.7374940870194,500,400
689.8551543671261,262.7806193826684,500,400
689.8792935614273,262.80825508020166,500,400
689.9017430121273,262.8345089928582,500,400
689.9226210012783,262.8527835432153,500,400
689.9420375311888,262.87014436605455,500,400
689.9600949040055,262.8733038144185,500,400
689.9628882607251,262.8763052903642,500,400
689.9514860824744,262.8858233591793,500,400
689.9408820567012,262.888198857887,500,400
689.9310203127321,262.88378891499264,500,400
689.9218488908409,262.879599469243,500,400
689.927319468482,262.86895282911416,500,400
689.9464071056882,262.85217185432515,500,400
689.97815860829,262.84956326160886,500,400
689.9936875057095,262.8470850985284,500,400
690.0081293803098,262.84473084360195,500,400
690.007560323688,262.8424943014218,500,400
689.9930311010299,262.84036958635073,500,400
689.9655189239578,262.8383511070332,500,400
689.9679325992806,262.8364335516815,500,400
689.9841773173309,262.85461187409743,500,400
689.9992849051176,262.8785479470592,500,400
689.9993349617594,262.89462054970625,500,400
689.9993815144362,262.92322285555423,500,400
690.0134248084256,262.9570617127765,500,400
690.0404850718357,262.9958752938044,500,400
690.0936511168072,263.0327481957808,500,400
690.1570955386306,263.06777745265845,500,400
690.2440988509264,263.10105524669217,500,400
690.3250119313616,263.1393358176909,500,400
690.4002610961662,263.17570236013967,500,400
690.4702428194346,263.22358390879936,500,400
690.5353258220741,263.2624047133594,500,400
690.5958530145289,263.30595114435806,500,400
690.6521433035118,263.3473202538068,500,400
690.6904932722659,263.3799542411164,500,400
690.7401587432073,263.41095652906057,500,400
690.8003476311828,263.44040870260756,500,400
690.828323297,263.45505493414385,500,400
690.82634066621,263.46230218743665,500,400
690.8244968195752,263.46252041139815,500,400
690.7947820422048,263.44272772416156,500,400
690.7671472992504,263.42392467128684,500,400
690.7274469883027,263.39939510438916,500,400
690.6905256991215,263.36942534916966,500,400
690.6701889001829,263.3409540817112,500,400
690.63727567717,263.30057304429226,500,400
690.5926663797682,263.2622110587443,500,400
690.5371797331844,263.2057671724737,500,400
690.4715771518615,263.13214548051667,500,400
690.3685667512312,263.0422048731575,500,400
690.2867670786451,262.95009462949963,500,400
690.2246933831399,262.875923231358,500,400
690.1809648463201,262.81879373645677,500,400
690.1542973070777,262.77118738296724,500,400
690.1294964955823,262.7326280138189,500,400
690.0784317408916,262.69599661312793,500,400
690.0309415190292,262.65453011580485,500,400
690.0147756126971,262.6151369433479,500,400
690.0417413198082,262.5843800961805,500,400
690.0948194274216,262.5418277580381,500,400
690.144182067502,262.5080697034695,500,400
690.1760893227768,262.4893328849627,500,400
690.2057630701823,262.49153290738127,500,400
690.2193596552695,262.51362292867884,500,400
690.2180044794005,262.54127511557823,500,400
690.2307441658425,262.5542113597993,500,400
690.2425920742334,262.5465007918093,500,400
690.253610629037,262.5191757522188,500,400
690.2218578850044,262.4798836312745,500,400
690.1923278330542,262.4292227830441,500,400
690.1368648847404,262.3877616438919,500,400
690.0572843428085,262.34170689503065,500,400
689.9412744388119,262.29128821694576,500,400
689.833385228095,262.2233904727651,500,400
689.7050482621283,262.1588876157935,500,400
689.5576948837794,262.08427656833715,500,400
689.4206562419148,262.00672940658694,500,400
689.2792103049808,261.91305960292425,500,400
689.1476655836321,261.8107399561114,500,400
688.9973289927779,261.7135362916391,500,400
688.8575159632834,261.6211928103905,500,400
688.7134898458536,261.52679983653763,500,400
688.6075455566438,261.4437931780441,500,400
688.4810173676788,261.3649368524752,500,400
688.3773461519412,261.28335667651805,500,400
688.3089319213053,261.21252217602546,900,400
688.2453066868139,261.1518960672242,900,400
688.1721352187369,261.094301263863,900,400
688.1320857534254,261.05291953400314,900,400
688.0948397506857,261.00694022396965,900,400
688.0602009681377,260.95659321277117,900,400
688.069986900368,260.9087635521326,900,400
688.1770878173422,260.84332537452593,900,400
688.5006916701282,260.774492439133,900,400
688.9976432532192,260.6957678171763,900,400
689.6418082254938,260.60764609298417,900,400
690.4088816497092,260.50393045500164,900,400
691.3182599342296,260.37206726558486,900,400
692.3319817388335,260.22013056897225,900,400
693.4707430171151,260.06245737385694,900,400
694.725791005917,259.88600117183074,900,400
696.0749856355028,259.6850344465725,900,400
697.3997366410176,259.46078272424387,900,400
698.6177550761464,259.221076921365,900,400
699.7505122208162,258.98002307529674,900,400
700.8179763653591,258.7510219215319,900,400
701.8247180197839,258.5134708254553,900,400
702.7749877583989,258.2877972841825,900,400
703.6587386153109,258.04674075330666,900,400
704.480626912239,257.7977370489746,900,400
705.2729830283822,257.5611835298592,900,400
706.0378742163954,257.3497910200329,900,400
706.7772230212477,257.1689681356979,900,400
707.4788174097604,257.0171863955797,900,400
708.1593001910771,256.8863270758007,900,400
708.7781491777017,256.76201072201064,900,400
709.3536787352626,256.6639101859101,900,400
709.8329212237942,256.55738134328124,900,400
710.2366167381285,256.4295122761172,900,400
710.6400535664595,256.3013699956447,900,400
711.0012498168073,256.17296816252906,900,400
711.3231623296308,256.0509864210693,900,400
711.6225409665566,255.94843710001584,900,400
711.8729630988976,255.85101524501505,900,400
712.0918556819747,255.76513114943097,900,400
712.2954257842364,255.6768745919594,900,400
712.4847459793398,255.5796975290281,900,400
712.716813760786,255.46737931924335,900,400
712.988636797531,255.3473436866145,900,400
713.2414322217038,255.2333098356171,900,400
713.4905319661846,255.1183110105029,900,400
713.7361947285517,255.00906212664444,900,400
713.9786610975531,254.94527568697887,900,400
714.2181548207243,254.91801190262993,900,400
714.3848839832735,254.8787779741651,900,400
714.5679421044445,254.84817240879016,900,400
714.6961861571333,254.79243045501732,900,400
714.773453126134,254.71280893226646,900,400
714.8453114073045,254.64383515231978,900,400
714.8981396087931,254.57831006137044,900,400
714.8912698361777,254.4960612249686,900,400
714.8848809476452,254.4379248303868,900,400
714.85093928131,254.3893619222008,900,400
714.8193735316183,254.3432271594241,900,400
714.8460173844051,254.3060658014529,900,400
714.8427961674968,254.2774291780469,900,400
714.9098004357719,254.24355771914455,900,400
715.0421144052679,254.20471316652066,900,400
715.165166396899,254.16114417486128,900,400
715.2796047491162,254.13975363278487,900,400
715.428032416678,254.09943261781228,900,400
715.4960701475105,254.047794320255,900,400
715.5173452371847,253.98540460424226,900,400
715.5511310705817,253.93946770736346,900,400
715.568551895641,253.88916098866196,900,400
715.584753262946,253.84803627256218,900,400
715.5718205345397,253.78896779226739,900,400
715.5317930971219,253.72618606932068,900,400
715.5085675803234,253.65987676585465,900,400
715.4449678497008,253.55021626089524,900,400
715.3998201002217,253.4527054478505,900,400
715.4138326932061,253.36007017545796,900,400
715.4688644046817,253.27206666668508,900,400
715.5200438963539,253.19513000001749,900,400
715.567640823609,253.12870683334992,900,400
715.5699059659563,253.04560482501574,900,400
715.5300125483393,252.97332458376496,900,400
715.5069116699556,252.94465835457672,900,400
715.4714278530587,252.91742543684788,900,400
715.4664279033445,252.9048874983388,900,400
715.4337779501104,252.90630979008853,900,400
715.3894134936027,252.91432763391742,900,400
715.3481545490505,252.9352779188882,900,400
715.2957837306169,252.9685140229438,900,400
715.2610788694737,253.03342165512993,900,400
715.2848033486106,253.09508390570676,900,400
715.3488671142078,253.1469963770881,900,400
715.3944464162132,253.18297989156702,900,400
715.4228351670782,253.2104975636553,900,400
715.4492367053828,253.22997268547255,900,400
715.501790136006,253.28180738453224,900,400
715.5506648264856,253.3443836819723,900,400
715.5821182886315,253.390497831207,900,400
715.6113700084272,253.42097293964662,900,400
715.6245741078372,253.4432576259976,900,400
715.6368539202886,253.47776141136438,900,400
715.6622741458683,253.51054000746282,900,400
715.6999149556575,253.53501300708967,900,400
715.7629209087614,253.55826235673516,900,400
715.8635164451481,253.5803492388984,900,400
715.9710702939876,253.6013317769535,900,400
716.0570953734085,253.6012651881058,900,400
716.1650986972699,253.61453526203383,900,400
716.2795417884608,253.63380849893213,900,400
716.3859738632685,253.6321180739855,900,400
716.4849556928397,253.62384550361958,900,400
716.5770087943408,253.64265322843858,900,400
716.606618178737,253.65385390034996,900,400
716.5781549062253,253.6578278719991,900,400
716.5096840627895,253.66826981173247,900,400
716.4040061783942,253.65152298781248,900,400
716.2637257459066,253.60228017175518,900,400
716.0632649436931,253.5221661631674,900,400
715.8908363976345,253.4527245216757,900,400
715.6744778498,253.34675496225856,900,400
715.487264400314,253.25275054747894,900,400
715.257155892292,253.1634463534383,900,400
715.0431549798316,253.05194070243306,900,400
714.8861341312434,252.93267700064473,900,400
714.7681047420563,252.84604315061247,900,400
714.6723374101123,252.7570743264152,900,400
714.6392737914044,252.65255394342776,900,400
714.6645246260061,252.56659291292306,900,400
714.6600079021857,252.49159660061022,900,400
714.7118073490327,252.4136834372464,900,400
714.6899808346004,252.31966593205073,900,400
714.6696821761784,252.23034930211486,900,400
714.7068044238458,252.19216517034243,900,400
714.7553281141766,252.1425569118253,900,400
714.8004551461842,252.12876239956736,900,400
714.8564232859512,252.102324279589,900,400
714.8944736559346,252.0838747322762,900,400
714.9298605000191,252.0796809956624,900,400
714.9627702650178,252.0890302792126,900,400
714.9933763464664,252.08457876525196,900,400
715.0638400022137,252.08034982698933,900,400
715.1713712020588,252.07633233563985,900,400
715.2153752179147,252.0391823855245,900,400
715.2002989526607,251.97722326624825,900,400
715.1302780259743,251.89169543626917,900,400
715.0371585641561,251.8437773311224,900,400
714.9645574646652,251.83825513123293,900,400
