smooth_x,smooth_y,x_tacka,y_tacka
327.0,177.46666666666667,100,100
326.95799999999997,177.46,100,100
326.87693999999993,177.46033333333332,100,100
326.78755419999993,177.45398333333333,100,100
326.6904254059999,177.46128416666664,100,100
326.58609562757994,177.4882199583333,100,100
326.4750689336493,177.50714229374998,100,100
326.31581410829386,177.5051185123958,100,100
326.1397071207133,177.489862586776,100,100
325.94792762226336,177.46203612410386,100,100
325.7695726887049,177.442267651232,100,100
325.58970260049557,177.42348760200372,100,100
325.40842341846087,177.40564655523684,100,100
325.2398337791686,177.375364227475,100,100
325.0830454146268,177.3332626827679,100,100
324.9512322356029,177.28659954862948,100,100
324.84264597911067,177.22893623786467,100,100
324.7556607605729,177.16748942597144,100,100
324.68876450733273,177.10244828800617,100,100
324.6825509918194,177.04065920693918,100,100
324.69077242239206,176.98195957992553,100,100
324.68441835282465,176.9195282675959,100,100
324.6785090681269,176.8735518542161,100,100
324.67301343335805,176.83654092817196,100,100
324.667902493023,176.80804721509668,100,100
324.6491493185114,176.78097818767517,100,100
324.6177088662156,176.75526261162474,100,100
324.6024692455805,176.71749948104352,100,100
324.6162963983898,176.688291173658,100,100
324.6011556505025,176.66720994830843,100,100
324.5730747549673,176.633849450893,100,100
324.57495952211957,176.59549031168166,100,100
324.59071235557116,176.55238246276423,100,100
324.61936249068117,176.51143000629267,100,100
324.6600071163335,176.46585850597802,100,100
324.7118066181901,176.41589891401244,100,100
324.7739801549168,176.36843730164514,100,100
324.8318015440726,176.32334876989623,100,100
324.87157543598755,176.2871813314014,100,100
324.9225651554684,176.27282226483132,100,100
324.96998559458564,176.27251448492308,100,100
325.01408660296465,176.28555542734358,100,100
325.06910054075706,176.31794432264306,100,100
325.12026350290404,176.36204710651091,100,100
325.18184505770074,176.4172780845187,100,100
325.2531159036617,176.50308084695942,100,100
325.33339779040534,176.61792680461144,100,100
325.42205994507697,176.74703046438088,100,100
325.5185157489216,176.88301227449517,100,100
325.622219646497,177.03219499410375,100,100
325.7466642712422,177.20058524439855,100,100
325.89039777225526,177.3872226488453,100,100
326.0380699281974,177.5845281830697,100,100
326.1894050332235,177.79196844058288,100,100
326.34414668089784,177.98237001855375,100,100
326.502056413235,178.16325151762607,100,100
326.66291246430853,178.34175560841143,100,100
326.82650859180694,178.52466782799084,100,100
326.9926529903804,178.71176776992462,100,100
327.1471672810537,178.88951271476174,100,100
327.27686557138,179.06503707902365,100,100
327.3974849813834,179.23845189173912,100,100
327.49566103268654,179.41652929715218,100,100
327.5869647603985,179.58570283229457,100,100
327.65787722717056,179.73975102401317,100,100
327.73782582126864,179.87276347281252,100,100
327.82617801377984,179.98579196583853,100,100
327.90834555281526,180.07983570087993,100,100
327.9707613641182,180.14917724916924,100,100
328.04280806862994,180.2217183867108,100,100
328.1098115038258,180.28396580070856,100,100
328.158124698558,180.33643417733978,100,100
328.18905596965897,180.36627913513945,100,100
328.21782205178283,180.3812985117158,100,100
328.244574508158,180.39556691946333,100,100
328.21345429258696,180.3891219068235,100,100
328.15651249210583,180.356332478149,100,100
328.0895566176584,180.31184918757486,100,100
328.04128765442226,180.26959006152944,100,100
327.9543975186127,180.22277722511964,100,100
327.85958969230984,180.17163836386365,100,100
327.75741841384814,180.1163897790038,100,100
327.6623991248788,180.05723695672026,100,100
327.5600311861373,180.0010417755509,100,100
327.45082900310763,179.9343230201067,100,100
327.36327097289006,179.86427353576804,100,100
327.2678420047877,179.79105985897962,100,100
327.17909306445256,179.7215068660306,100,100
327.11055654994084,179.6554315227291,500,100
327.04681759144495,179.58599327992596,500,100
326.9875403600438,179.52002694926298,500,100
326.9324125348407,179.46402560179985,500,100
326.8811436574018,179.40415765504318,500,100
326.8614636013837,179.3606164389577,500,100
326.84316114928686,179.31925228367646,500,100
326.8261398688368,179.28662300282596,500,100
326.7823100780182,179.255625186018,500,100
326.7415483725569,179.22617726005043,500,100
326.49363998647794,179.21820173038125,500,100
326.1090851874245,179.23729164386216,500,100
325.5694492243048,179.2620937283357,500,100
324.8855877786034,179.2856557085856,500,100
324.06759663410116,179.328039589823,500,100
323.09686486971407,179.38163761033184,500,100
322.02608432883403,179.45255572981523,500,100
320.84825842581563,179.5332612766578,500,100
319.5988803360085,179.62993154615825,500,100
318.28295871248787,179.76176830218367,500,100
317.0731516026137,179.88701322040782,500,100
315.9620309904307,180.04599589272075,500,100
314.92868882110054,180.21036276475135,500,100
313.9676806036235,180.37984462651377,500,100
313.0739429613698,180.55418572852142,500,100
312.24276695407394,180.713143108762,500,100
311.46977326728876,180.8574859533239,500,100
310.73688913857853,180.9946116556577,500,100
310.041306898878,181.13154773954147,500,100
309.35241541595656,181.24830368589775,500,100
308.6977463368396,181.37922183493617,500,100
308.0609040932608,181.49692740985603,500,100
307.46864080673254,181.61541437269653,500,100
306.9178359502613,181.72797698739504,500,100
306.391587433743,181.80824480469192,500,100
305.888176313381,181.87783256445732,500,100
305.4060039714443,181.92394093623446,500,100
304.9715836934432,181.96774388942274,500,100
304.5675728349022,182.0093566949516,500,100
304.191842736459,182.0755555268707,500,100
303.81441374490686,182.1384444171938,500,100
303.44940478276334,182.21818886300076,500,100
303.09594644796994,182.32727941985073,500,100
302.75323019661204,182.4442487821915,500,100
302.4345040828492,182.56203634308193,500,100
302.12408879704975,182.6339345259278,500,100
301.8214025812563,182.72890446629805,500,100
301.5259044005683,182.8391259096498,500,100
301.2510910925285,182.94383628083398,500,100
300.9815147160515,183.03664446679227,500,100
300.7168086859279,183.1114789101193,500,100
300.47063207791297,183.20257163128,500,100
300.2416878324591,183.2757763830493,500,100
300.09876968418695,183.35198756389684,500,100
300.00785580629383,183.39772151903534,500,100
299.9793058998532,183.4411687764169,500,100
299.9247544868635,183.42911033759606,500,100
299.846021672783,183.37765482071626,500,100
299.75880015568816,183.3154387463471,500,100
299.67768414478996,183.25633347569638,500,100
299.61624625465464,183.21351680191157,500,100
299.5731090168288,183.16617429514932,500,100
299.5049913856508,183.08786558039185,500,100
299.34364198865524,183.00013896803893,500,100
299.15158704944935,182.92346535297028,500,100
298.9169759559879,182.8706254186551,500,100
298.7407876390687,182.82042748105567,500,100
298.6049325043339,182.80607277366954,500,100
298.4785872290305,182.81243580165273,500,100
298.3890861229984,182.84514734490344,500,100
298.3058500943885,182.90955664432494,500,100
298.2004405877813,183.03074547877537,500,100
298.11640974663663,183.15254153816994,500,100
298.0522610643721,183.26824779459477,500,100
298.04860278986604,183.39150207153168,500,100
298.05920059457543,183.50859363462175,500,100
298.05505655295514,183.606497286224,500,100
298.06520259424826,183.7261724219128,500,100
298.06063841265086,183.81986380081716,500,100
298.04239372376526,183.9088706107763,500,100
298.02542616310166,183.98009374690415,500,100
298.0236463316845,184.02108905955893,500,100
298.03599108846663,184.02670127324765,500,100
298.047471712274,183.99203287625193,500,100
298.0021486924148,183.92576456577265,500,100
297.9599982839457,183.82280967081735,500,100
297.9207984040695,183.6916691872765,500,100
297.84234251578465,183.54708572791264,500,100
297.79737853967976,183.41639810818367,500,100
297.74156204190217,183.27224486944115,500,100
297.70365269896905,183.13529929263575,500,100
297.65439701004124,182.99186766133727,500,100
297.59458921933833,182.82894094493707,500,100
297.55296797398466,182.69416056435688,500,100
297.51426021580573,182.55945253613902,500,100
297.4782620006993,182.43814657599873,500,100
297.4447836606504,182.32290591386544,500,100
297.44164880440485,182.21342728483882,500,100
297.43873338809647,182.12942258726355,500,100
297.4360220509297,182.0562847912337,500,100
297.3915005073646,181.98013721833868,500,100
297.43409547184905,181.93446369075508,500,100
297.55770878881964,181.94440717288398,500,100
297.6866691736023,181.97385348090646,500,100
297.8206023314501,182.02849414019445,500,100
297.9171601682486,182.06706943318474,500,100
298.0069589564712,182.10371596152552,500,100
298.0764718295182,182.13853016344925,500,100
298.1271188014519,182.17160365527678,500,100
298.17422048535025,182.20302347251294,500,100
298.2740250513757,182.23953896555395,500,100
298.2968432977794,182.2742286839429,500,100
298.2480642669348,182.3138505830791,500,100
298.1746997682494,182.33815805392516,500,100
298.07847078447196,182.35458348456223,500,100
298.0029778295589,182.37685431033412,500,100
297.9327693814898,182.36467826148407,500,100
297.8674755247855,182.31977768174318,500,100
297.82075223805055,182.25045546432267,500,100
297.79129958138697,182.15793269110654,500,100
297.7499086106899,182.07670272321786,900,100
297.6974150079416,181.99286758705696,900,100
297.63459595738567,181.90655754103744,900,100
297.5901742403687,181.83122966398557,900,100
297.5628620435429,181.76633484745295,900,100
297.5234617004949,181.68468477174696,900,100
297.43081938146025,181.63378386649293,900,100
297.204662024758,181.60542800650163,900,100
296.84033568302493,181.6118232728432,900,100
296.3475121852132,181.65123210920103,900,100
295.73518633224825,181.7220038370743,900,100
294.99772328899087,181.8159036452206,900,100
294.14388265876147,181.9384417962929,900,100
293.19581087264817,182.0881863731449,900,100
292.1181041115628,182.26377705448766,900,100
291.0038368237534,182.45725486842994,900,100
289.86956824609064,182.6810587916751,900,100
288.81469846886426,182.92033918542467,900,100
287.83366957604375,183.16765555948678,900,100
286.90731270572064,183.42927278151245,900,100
286.0318008163202,183.71780914243683,900,100
285.24557475917777,183.991918685315,900,100
284.5283845260353,184.25898941771592,900,100
283.8473976092128,184.5127066134968,900,100
283.21407977656787,184.74707128282196,900,100
282.59709419220815,184.96971771868087,900,100
281.99529759875355,185.18789849941348,900,100
281.4216267668408,185.40183690777613,900,100
280.8741128931619,185.6117450623873,900,100
280.36492499064053,185.81782447593463,900,100
279.8493802412957,186.00693325213788,900,100
279.383923624405,186.18658658953098,900,100
278.92304897069664,186.37059059338776,900,100
278.39643554274784,186.51872773038502,900,100
277.9346850547555,186.6661246771991,900,100
277.5052571009226,186.81281844333913,900,100
277.10588910385803,186.95884418783885,900,100
276.74847686658796,187.10423531178023,900,100
276.43008348592684,187.2490235461912,900,100
276.119977641912,187.399905702215,900,100
275.87357920697815,187.54991041710426,900,100
275.6864286624897,187.69241489624903,900,100
275.5123786561154,187.82112748476993,900,100
275.43451215018735,187.9367377771981,900,100
275.34809629967424,188.03990088833817,900,100
275.26772955869706,188.15123917725458,900,100
275.20698848958824,188.25701055172516,900,100
275.1084992953171,188.3574933574722,900,100
274.97490434464487,188.48628535626528,900,100
274.8366610405197,188.60197108845202,900,100
274.7080947676833,188.70520586736274,900,100
274.51852813394544,188.79661224066126,900,100
274.35623116456924,188.8767816286282,900,100
274.2052949830494,188.9529425471968,900,100
274.0649243342359,189.02529541983697,900,100
273.90637963083935,189.08736398217843,900,100
273.7309330566806,189.14632911640285,900,100
273.56776774271293,189.20901266058272,900,100
273.444024000723,189.27522869422023,900,100
273.34294232067236,189.34480059284255,900,100
273.2209363582253,189.4175605632004,900,100
273.0794708131495,189.49334920170702,900,100
272.947907856229,189.572015074955,900,100
272.83955430629294,189.65341432120724,900,100
272.75278550485245,189.73741027181353,900,100
272.6860905195128,189.82387309155618,900,100
272.63806418314687,189.91267943697838,900,100
272.62139969032654,189.99704546512947,900,100
272.6059017120037,190.077193191873,900,100
272.6054885921634,190.16666686561268,900,100
272.57710439071195,190.2650001889987,900,100
272.6207070833621,190.3650835128821,900,100
272.7172575875268,190.46016267057135,900,100
272.8070495563999,190.55715453704278,900,100
272.89055608745184,190.64929681019063,900,100
272.96821716133024,190.73016530301445,900,100
273.05444196003714,190.80699037119706,900,100
273.1346310228345,190.87997418597055,900,100
273.1952068512361,190.94264214333867,900,100
273.23754237164957,190.99551003617174,900,100
273.3469144056341,191.04573453436313,900,100
273.4206303972397,191.09344780764496,900,100
273.4471862694329,191.14544208392937,900,100
273.4718832305726,191.19483664639955,900,100
273.4948514044325,191.2284281474129,900,100
273.5302118061222,191.2536734067089,900,100
273.5630969796937,191.27765640304014,900,100
273.59368019111514,191.3004402495548,900,100
273.62212257773706,191.30875157041038,900,100
273.64857399729544,191.30998065855653,900,100
273.65917381748477,191.3244816256287,900,100
273.64103165026086,191.31825754434726,900,100
273.61015943474257,191.3123446671299,900,100
273.5394482743106,191.3067274337734,900,100
273.44568689510885,191.30805772875138,900,100
273.34448881245123,191.32265484231382,900,100
273.2503745955796,191.33652210019812,900,100
273.162848373889,191.34969599518823,900,100
273.0674489877168,191.36887786209547,900,100
272.9647275585766,191.38710063565736,900,100
272.82719662947625,191.40441227054117,900,100
272.7552928654129,191.4208583236808,900,100
272.758422364834,191.43648207416342,900,100
272.76133279929564,191.46465797045525,900,100
272.75003950334496,191.50475840526582,900,100
272.7395367381108,191.53618715166917,900,100
272.70176916644306,191.59271112741902,900,100
272.63864532479204,191.65307557104808,900,100
272.6079401520566,191.71708845916234,900,100
272.6073843414126,191.77123403620422,900,100
272.64886743751373,191.802672334394,900,100
272.64544671688776,191.8325387176743,900,100
272.5862654467056,191.8609117817906,900,100
272.5732268654362,191.8811995260344,900,100
272.5891009848557,191.90047288306602,900,100
272.6178639159158,191.91878257224604,900,100
272.65861344180166,191.92951011030038,900,100
272.7245105008755,191.939701271452,900,100
272.7857947658142,191.94271620787939,900,100
272.8427891322072,191.93891373081874,900,100
272.89579389295267,191.93530137761113,900,100
272.94508832044596,191.9318696420639,900,250
272.9769321380147,191.90860949329402,900,250
273.0065468883537,191.88651235196264,900,250
273.0480886061689,191.8721867343645,900,250
273.0727224037371,191.8719107309796,900,250
273.0816318354755,191.87164852776397,900,250
273.0899176069922,191.8713994347091,900,250
273.0976233745027,191.87116279630698,900,250
273.1327897382875,191.9042713231583,900,250
273.19349445660737,191.96905775700037,900,250
273.30594984464483,192.07727153581703,900,250
273.4525333555197,192.20007462569282,900,250
273.6168560206333,192.3434042277415,900,250
273.78367609918894,192.50623401635443,900,250
273.9808187722457,192.68758898220338,900,250
274.2341614581885,192.88654286642654,900,250
274.4977701561153,193.11554905643854,900,250
274.7709262451872,193.35310493694996,900,250
275.02496140802407,193.59878302343577,900,250
275.2612141094624,193.84551053893065,900,250
275.4529291218,194.11323501198413,900,250
275.631224083274,194.38090659471825,900,250
275.78303839744484,194.648527931649,900,250
275.9242257096237,194.87610153506654,900,250
276.04152990995004,195.06562979164653,900,250
276.15062281625353,195.24568163539752,900,250
276.28007921911575,195.43673088696096,900,250
276.4284736737776,195.63156100927958,900,250
276.5524805166131,195.8099829588156,900,250
276.65380688045013,195.96615047754148,900,250
276.73404039881865,196.09450962033108,900,250
276.8226575709013,196.2164508059812,900,250
276.9330715409382,196.33896159901548,900,250
277.06375653307254,196.47534685239805,900,250
277.2132935757574,196.62491284311147,900,250
277.3243630254544,196.76700053428922,900,250
277.39965761367256,196.90865050757475,900,250
277.44168158071545,197.04321798219598,900,250
277.48076387006535,197.19772374975284,900,250
277.51711039916074,197.3711708955985,900,250
277.55091267121946,197.50261235081857,900,250
277.58234878423406,197.62081506661096,900,250
277.5975843693377,197.7197743132804,900,250
277.5977534634841,197.81378559761635,900,250
277.5839107210402,197.91642965106885,900,250
277.5850369705674,198.0206081685154,900,250
277.5860843826277,198.1062444267563,900,250
277.57305847584377,198.1742655387518,900,250
277.5609443825347,198.23221892848088,900,250
277.56367827575724,198.28060798205684,900,250
277.5802207964542,198.326577582954,900,250
277.5676053407024,198.3702487038063,900,250
277.54187296685325,198.41840293528264,900,250
277.5039418591735,198.44414945518517,900,250
277.4686659290313,198.47527531575923,900,250
277.4358593139991,198.51817821663792,900,250
277.40534916201915,198.55893597247268,900,250
277.3909747206778,198.60432250718236,900,250
277.39160649023034,198.65410638182323,900,250
277.3921940359142,198.69473439606537,900,250
277.3927404534002,198.73999767626208,900,250
277.40724862166223,198.7963311257823,900,250
277.43474121814586,198.8765145694932,900,250
277.4603093328757,198.93268884101852,900,250
277.47008767957436,198.96605439896757,900,250
277.47918154200414,198.9910850123525,900,250
277.4736388340638,199.00819742840153,900,250
277.45448411567935,199.01778755698146,900,250
277.42267022758176,199.0268981791324,900,250
277.393083311651,199.02221993684242,900,250
277.3655674798354,199.02444227333365,900,250
277.3399777562469,199.01322015966696,900,250
277.3161793133096,198.98922581835026,900,250
277.2940467613779,198.95309786076606,900,250
277.2874634880814,198.92544296772775,900,250
277.2813410439157,198.88583748600803,900,250
277.2896471708416,198.86154561170764,900,250
277.3113718688827,198.83846833112227,900,250
277.34557583806094,198.8232115812328,900,250
277.3773855293967,198.8153843355045,900,250
277.3929685423389,198.8212817853959,900,250
277.39346074437515,198.82688436279275,900,250
277.3939184922689,198.85887347798644,900,250
277.40834419781004,198.8959298040871,900,250
277.4217601039633,198.92446664721606,900,250
277.4202368966859,198.96490998152194,900,250
277.4188203139179,199.00999781577917,900,250
277.4175028919436,199.0594979249902,900,250
277.4162776895076,199.11985636207402,900,250
277.429138251242,199.17053021063697,900,250
277.4550985736551,199.22533703343845,900,250
277.4932416734992,199.25740351509987,900,250
277.5287147563542,199.28120000601155,900,250
277.5617047234094,199.31714000571097,900,250
277.59238539277067,199.35128300542542,900,250
277.6349184152767,199.35705218848747,900,250
277.66047412620725,199.35586624572977,900,250
277.67024093737274,199.32140626677662,900,250
277.67932407175664,199.29533595343779,900,250
277.65977138673367,199.26390248909922,900,250
277.6415873896623,199.2073740313109,900,250
277.6246762723859,199.14700532974535,900,250
277.62294893331887,199.08298839659142,900,250
277.6073425079865,199.00883897676184,900,250
277.57882853242745,198.93173036125708,900,250
277.5523105351575,198.85847717652754,900,250
277.5416487976965,198.7888866510345,900,250
277.54573338185776,198.70277565181607,900,250
277.5495320451277,198.60097020255859,900,250
277.58106480196875,198.51758835909732,900,250
277.6103902658309,198.4583756078091,900,250
277.65166294722275,198.41545682741864,900,250
277.69004654091714,198.38801731938105,900,250
277.7397432830529,198.36194978674533,900,250
277.7999612532392,198.35051896407472,900,250
277.85596396551244,198.33965968253764,900,250
277.9080464879266,198.33601003174408,900,250
277.95648323377173,198.3325428634902,900,250
278.0015294074077,198.3359157203157,900,250
278.01542234888916,198.3391199342999,900,250
278.01434278446686,198.3354972709182,900,250
277.9853387895542,198.32538907403895,900,250
277.9443650742854,198.32245295367034,900,250
277.9062595190854,198.3263303059868,900,250
277.8848213527494,198.33001379068747,900,250
277.87888385805695,198.3268464344864,500,250
277.85936198799294,198.3105041127621,500,250
277.8272066488334,198.28164557379063,500,250
277.78330218341506,198.26089662843444,500,250
277.742471030576,198.24785179701271,500,250
277.71849805843567,198.24212587382874,500,250
277.8082031943452,198.24335291347063,500,250
278.073628970741,198.20451860113042,500,250
278.50247494278915,198.1342926710739,500,250
279.0693016967939,198.04091137085354,500,250
279.76445057801834,197.91886580231085,500,250
280.606939037557,197.7629225121953,500,250
281.57245330492805,197.56810971991885,500,250
282.6523815735831,197.33637090058957,500,250
283.8387148634323,197.06288568889343,500,250
285.110004822992,196.7564080711154,500,250
286.3763044853825,196.45192100089295,500,250
287.52596317140575,196.1293249508483,500,250
288.5951457494074,195.7761920366392,500,250
289.57548554694887,195.3807157681406,500,250
290.4732015586624,194.9583466464002,500,250
291.294077449556,194.5037626474135,500,250
292.0714920280871,194.07857451504285,500,250
292.80848758612103,193.66131245595736,500,250
293.47989345509257,193.25158016649283,500,250
294.11830091323606,192.86900115816817,500,250
294.6980198493095,192.5188844335931,500,250
295.25115845985783,192.19294021191342,500,250
295.7515773676678,191.88329320131774,500,250
296.216966951931,191.5757952079185,500,250
296.6497792652958,191.27033878085592,500,250
297.0522947167251,190.9668218418131,500,250
297.4126340865543,190.68514741638913,500,250
297.7337497004955,190.41089004556966,500,250
298.04638722146075,190.15034554329117,500,250
298.32314011595844,189.9028282661266,500,250
298.5805203078413,189.6610201861536,500,250
298.7918838862924,189.4179691768459,500,250
298.97445201425194,189.18040405133692,500,250
299.1302403732543,188.94805051543673,500,250
299.2611235471265,188.70064798966487,500,250
299.3828448988276,188.4656155901816,500,250
299.48204575590967,188.23566814400584,500,250
299.57430255299596,188.0372180701389,500,250
299.6601013742862,187.85535716663193,500,250
299.7398942780862,187.68925597496698,500,250
299.8281016786201,187.53145984288528,500,250
299.93813456111667,187.374886850741,500,250
300.05446514183853,187.21947584153727,500,250
300.16265258190987,187.07183538279375,500,250
300.26326690117617,186.92491028032074,500,250
300.34283821809385,186.79199809963805,500,250
300.4168395428273,186.67239819465613,500,250
300.4716607748294,186.57211161825663,500,250
300.5226445205913,186.49683937067712,500,250
300.5700594041499,186.4453307354766,500,250
300.60015524585936,186.38973086536944,500,250
300.62814437864915,186.33691098876764,500,250
300.6541742721437,186.2667321059959,500,250
300.6643820730936,186.1933955006961,500,250
300.65987532797703,186.1170590589946,500,250
300.64168405501863,186.0245394393782,500,250
300.63876617116733,185.94997913407593,500,250
300.6500525391856,185.88581351070545,500,250
300.6325488614426,185.81152283517017,500,250
300.5882704411416,185.73428002674498,500,250
300.5470915102617,185.67423269207438,500,250
300.50879510454337,185.63052105747067,500,250
300.47317944722533,185.5956616712638,500,250
300.46805688591957,185.54921192103393,500,250
300.4632929039052,185.49175132498223,500,250
300.45886240063186,185.43049709206645,500,250
300.4547420325876,185.38563890412976,500,250
300.4509100903065,185.35635695892327,500,250
300.47534638398497,185.3485391109771,500,250
300.512072137106,185.35444548876157,500,250
300.56022708750857,185.39338988099016,500,250
300.60501119138297,185.43705372027398,500,250
300.6186604079861,185.46520103426028,500,250
300.6033541794271,185.49860764921394,500,250
300.6031193868672,185.53701060008657,500,250
300.6029010297865,185.5468267367489,500,250
300.6026979577014,185.5561520665781,500,250
300.60250910066236,185.56501112991586,500,250
300.602333463616,185.6000939067534,500,250
300.6021701211629,185.6400892114157,500,250
300.5460182126815,185.6780847508449,500,250
300.4937969377937,185.71418051330264,500,250
300.4732311521482,185.7484714876375,500,250
300.4821049714978,185.7810479132556,500,250
300.5043576234929,185.82532885092616,500,250
300.5530525898484,185.8607290750465,500,250
300.584338908559,185.86769262129417,500,250
300.5994351849598,185.89430799022944,500,250
300.58547472201263,185.91959259071794,500,250
300.5584914914717,185.95027962784872,500,250
300.57539708706867,185.99943231312292,500,250
300.59111929097384,186.03946069746678,500,250
300.60574094060564,186.07748766259343,500,250
300.6193390747632,186.1002799461304,500,250
300.6459853395298,186.13526594882387,500,250
300.6847663657627,186.17516931804934,500,250
300.7208327201593,186.18641085214685,500,250
300.75437442974817,186.17042364287283,500,250
300.7995682196658,186.12856912739588,500,250
300.85559844428917,186.05547400435938,500,250
300.9077065531889,185.98603363747472,500,250
300.92816709446566,185.9200652889343,500,250
300.9471953978531,185.87072869115426,500,250
300.9508917200033,185.8438589232632,500,250
300.9263292996031,185.83166597710004,500,250
300.94548624863086,185.80008267824502,500,250
301.0893022112267,185.8234118776661,500,250
301.3770510564408,185.90557461711612,500,250
301.8406574824899,186.04362921959364,500,250
302.4818114587156,186.16144775861397,500,250
303.2740846566055,186.2667087040166,500,250
304.2348987306431,186.38003993548244,500,250
305.3244558194981,186.50103793870832,500,250
306.5337439121332,186.66265270843957,500,250
307.84038183828386,186.9028534063509,500,250
309.167555109604,187.19104406936668,500,250
310.4858262519317,187.478158532565,500,250
311.75381841429646,187.7575839392701,500,250
312.9190511252957,188.08970474230657,500,250
313.988717546525,188.4318861718579,100,250
314.9835073182682,188.830291863265,100,250
315.85266180598944,189.20877727010173,100,250
316.66097547957014,189.56167173992998,100,250
317.35670719600023,189.89025481960013,100,250
318.0177376922802,190.23574207862012,100,250
318.66049605382057,190.61728830802244,100,250
319.23026133005317,191.05309055928797,100,250
319.7741430369494,191.5337693646569,100,250
320.3079530243629,192.02374756309072,100,250
320.7763963126575,192.48922685160284,100,250
321.19804857077145,192.89143217568935,100,250
321.6321851708174,193.3401939002382,100,250
322.02193220886016,193.79985087189294,100,250
322.44039695424,194.15652499496497,100,250
322.8295691674432,194.45536541188338,100,250
323.1774993257222,194.7125971412892,100,250
323.5150743729216,194.93030061755803,100,250
323.82901916681715,195.0704522533468,100,250
324.10698782514,195.1635963073461,100,250
324.3794986773802,195.2787498253121,100,250
324.6189337699636,195.36147900071316,100,250
324.8136084060661,195.42673838401083,100,250
325.0086558176415,195.4087347981436,100,250
325.20404991040664,195.31163139156976,100,250
325.37176641667816,195.1593831553246,100,250
325.4577427675107,195.04141399755838,100,250
325.5097007737849,194.91600996434713,100,250
325.5300217196199,194.79020946612977,100,250
325.5489201992465,194.65736565948993,100,250
325.5804957852992,194.51783070984877,100,250
325.59586108032823,194.39860584102297,100,250
325.6241508047052,194.3053422156385,100,250
325.62246024837583,194.27007510485657,100,250
325.5928880309895,194.2232380162804,100,250
325.5513858688202,194.1654094487997,100,250
325.56878885800273,194.0971389763597,100,250
325.6129736379425,193.97228202754172,100,250
325.6540654832865,193.89366792616462,100,250
325.6782808994564,193.85898452985637,100,250
325.68680123649443,193.7927019700302,100,250
325.69472514993976,193.7230668715287,100,250
325.7160943894439,193.57024686128557,100,250
325.7359677821828,193.37840118488796,100,250
325.75445003743,193.26948112564355,100,250
325.7856385348099,193.2393404026947,100,250
325.78664383737316,193.21737338255997,100,250
325.759578768757,193.14317138009864,100,250
325.734408254944,193.07934614442703,100,250
325.68299967709794,193.06537883720569,100,250
325.6351896997011,193.02544322867874,100,250
325.590726420722,192.98083773391144,100,250
325.5353755712714,192.95846251388252,100,250
325.4838992812824,192.93053938818838,100,250
325.4360263315926,192.8973457521123,100,250
325.3635044883811,192.93914513117335,100,250
325.3100591741944,192.9721878746147,100,250
325.27435503200076,193.0502451475506,100,250
325.2551501797607,193.08439955683974,100,250
325.2932896671774,193.0435129123311,100,250
325.35675939047496,192.93133726671454,100,250
325.4717862331417,192.81810373671212,100,250
325.6207611968218,192.7571985498765,100,250
325.75930791304427,192.65933862238268,100,250
325.8881563591312,192.56637169126353,100,250
326.021985413992,192.50471977336701,100,250
326.16044643501255,192.46615045136534,100,250
326.27521518456166,192.3761762621304,100,250
326.35395012164236,192.23736744902385,100,250
326.3851736131274,192.05216574323933,100,250
326.35821146020845,191.87622412274402,100,250
326.29113665799383,191.7224129166068,100,250
326.1867570919342,191.57629227077646,100,250
326.0476840954988,191.51747765723763,100,250
325.89034620881387,191.52827044104242,100,250
325.73002197419686,191.60519025232364,100,250
325.58092043600305,191.59159740637412,100,250
325.41425600548286,191.57868420272206,100,250
325.2592580850991,191.59974999258594,100,250
325.10111001914214,191.61309582628996,100,250
324.95403231780216,191.6391077016421,100,250
324.831250055556,191.61048564989332,100,250
324.73106255166704,191.58996136739864,100,250
324.66588817305035,191.6571299656954,100,250
324.6192760009368,191.7742734674106,100,250
324.5759266808712,191.88555979404006,100,250
324.4656118132102,191.9779484710047,100,250
324.3350189862855,192.0923843807878,100,250
324.1995676572455,192.11443182841506,100,250
324.0315979212383,192.13537690366095,100,250
323.8753860667516,192.1619413918112,100,250
323.730109042079,192.20051098888732,100,250
323.5530014091334,192.23715210610962,100,250
323.3742913104941,192.23196116747079,100,250
323.16609091875944,192.2270297757639,100,250
322.9864645544463,192.17567828697568,100,250
322.84741203563505,192.2068943726269,100,250
322.76009319314056,192.2832163206622,100,250
322.6788866696207,192.32238883796242,100,250
322.64536460274724,192.31960272939764,100,250
322.6141890805549,192.3169559262611,100,250
322.55719584491607,192.28110812994805,100,250
322.5181921357719,192.21371939011732,100,250
322.4959186862679,192.19636675394477,100,250
322.5172043782291,192.09988174958085,100,250
322.537000071753,191.92155432876848,100,250
322.5694100667303,191.8321432789967,100,250
322.5995513620592,191.72053611504685,100,250
322.627582766715,191.6211759759612,100,250
322.653651973045,191.5267838438298,100,250
322.67789633493186,191.44377798497163,100,250
322.6724435914866,191.3582557523897,100,250
322.6813725400825,191.23034296477022,100,250
322.70367646227675,191.06215914986504,100,250
322.6684191099174,190.96905119237178,100,250
322.6356297722232,190.8405986327532,100,250
322.56313568816756,190.75190203444885,100,250
322.5097161899958,190.6543069327264,100,250
322.4460360566961,190.5949249194234,100,250
322.38681353272733,190.61851200678555,100,250
322.3317365854364,190.7209197397796,100,250
322.3225150244558,190.73820708612394,100,250
322.3139389727439,190.7079633984844,100,400
322.29196324465187,190.67256522856016,100,400
322.3135258175262,190.63893696713214,100,400
322.2915790102994,190.64032345210885,100,400
322.31316847957845,190.6483072795034,100,400
322.291246686008,190.72922524886155,100,400
322.2568594179874,190.87943065308514,100,400
322.19687925872825,191.02212578709754,100,400
322.14109771061726,191.1576861644093,100,400
322.17322087087405,191.3264685228555,100,400
322.2170954099129,191.48681176337936,100,400
322.187898731219,191.67247117521038,100,400
322.2727458200336,191.88218094978316,100,400
322.42165361263125,192.07473856896067,100,400
322.672137859747,192.36433497384598,100,400
322.90508820956467,192.73278489182036,100,400
323.2617320348951,193.14947898056266,100,400
323.6074107924524,193.57200503153453,100,400
324.05489203698073,194.00007144662447,100,400
324.3170495943921,194.43340120762656,100,400
324.4768561227846,194.87839781391187,100,400
324.7794761941897,195.28114458988296,100,400
325.0469128605964,195.64375402705545,100,400
325.23962896035465,196.054899659036,100,400
325.3488549331298,196.35882134275084,100,400
325.5204350878107,196.64754694227997,100,400
325.6240046316639,196.88183626183263,100,400
325.79032430744746,197.057744448741,100,400
325.86100160592616,197.21819055963726,100,400
326.01073149351134,197.32394769832206,100,400
326.3039802889656,197.43108364673927,100,400
326.52070166873796,197.45286279773563,100,400
326.5962525519263,197.47355299118217,100,400
326.6665148732914,197.4932086749564,100,400
326.73185883216104,197.4318815745419,100,400
326.7926287139098,197.29362082914813,100,400
326.83514470393607,197.1756064543574,100,400
326.79068457466053,197.11682613163953,100,400
326.72133665443425,196.9876514917242,100,400
326.64284308862386,196.9116022504713,100,400
326.5278440724202,196.91935547128105,100,400
326.4768949873507,196.96672103105033,100,400
326.55551233823616,197.05171831283113,100,400
326.6006264745596,197.1724657305229,100,400
326.6285826213404,197.25384244399675,100,400
326.6265818378466,197.2511503217969,100,400
326.5407211091973,197.32859280570705,100,400
326.5168706315535,197.3221631654217,100,400
326.50868968734477,197.2360550071506,100,400
326.4730814092306,197.2342522567931,100,400
326.41196571058447,197.3192063106201,100,400
326.2151281108435,197.43324599508907,100,400
325.9620691430845,197.4615836953346,100,400
325.7967243030685,197.48183784390122,100,400
325.57295360185367,197.52774595170615,100,400
325.3088468497239,197.56469198745415,100,400
325.1612275702432,197.56645738808143,100,400
324.9539416403262,197.56813451867734,100,400
324.66316572550335,197.56972779274346,100,400
324.42074412471806,197.55790806977296,100,400
324.1812920359878,197.57334599961766,100,400
324.02860159346864,197.5080120329701,100,400
323.90059948192584,197.43927809798825,100,400
323.78155751819105,197.3739808597555,100,400
323.8108484919177,197.3119484834344,100,400
323.9780890974834,197.24635105926268,100,400
324.14762286065957,197.1707001729662,100,400
324.41728926041344,197.15883183098455,100,400
324.7660790121845,197.14089023943532,100,400
325.09045348133156,197.06384572746356,100,400
325.43412173763835,196.99732010775702,100,400
325.71173321600367,196.93412076903581,100,400
325.9139118908834,196.84074806391735,100,400
326.10193805852157,196.67871066072146,100,400
326.19280239442503,196.5781084610187,100,400
326.20730622681526,196.4625363713011,100,400
326.1787947909382,196.35940955273603,100,400
326.1102791555725,196.27477240843254,100,400
326.04655961468245,196.2010337880109,100,400
325.98730044165467,196.057648765277,100,400
325.8901894107388,195.8480996603465,100,400
325.8558761519871,195.5890280106625,100,400
325.78196482134797,195.3629099434627,100,400
325.7412272838536,195.19476444628955,100,400
325.73134137398387,195.01502622397507,100,400
325.638147477805,194.8442749127763,100,400
325.6074771543586,194.7220611671375,100,400
325.5929537535535,194.6059581087806,100,400
325.64944699080473,194.57566020334156,100,400
325.6459857014484,194.58687719317447,100,400
325.586766702347,194.67753333351573,100,400
325.4476930331827,194.81699000017326,100,400
325.4723545208599,194.98947383349793,100,400
325.38328970439966,195.2266668084897,100,400
325.27245942509165,195.4520001347319,100,400
325.2533872653352,195.66606679466196,100,400
325.19365015676175,195.86943012159554,100,400
325.13809464578844,195.98262528218243,100,400
324.9604280205832,196.11016068473998,100,400
324.8371980591424,196.25131931716962,100,400
324.7785941950024,196.31875335131113,100,400
324.79409260135225,196.30948235041222,100,400
324.78050611925755,196.3140082328916,100,400
324.8518706909095,196.23830782124702,100,400
324.9322397425458,196.0930590968513,100,400
325.00698296056754,195.88173947534207,100,400
325.0484941533278,195.62765250157494,100,400
325.07309956259485,195.35960320982952,100,400
325.1659825932132,195.0382897160047,100,400
325.2663638116883,194.73970856353776,100,400
325.2897183448701,194.52272313536088,100,400
325.33943806072915,194.32992031192614,100,400
325.31567739647807,194.2000909629965,100,400
325.3215799787246,194.02341974818,100,400
325.2990693802139,193.85558209410434,100,400
325.25013452359894,193.69613632273243,100,400
325.218625106947,193.5313295065958,100,400
325.2033213494607,193.32142969793267,100,400
325.18908885499843,193.11535821303605,100,400
325.18985263514855,192.9062569690509,100,400
325.26056295068815,192.69427745393168,100,400
325.2283235441399,192.55289691456844,100,400
325.22634089605015,192.42525206884,100,400
325.1684970333266,192.35065613206467,100,400
325.1147022409938,192.32645665879477,500,400
325.09267308412416,192.25680049252168,500,400
325.10018596823545,192.1839604678956,500,400
325.10717295045896,192.06809577783415,500,400
325.1136708439268,191.95802432227578,500,400
325.13371388485194,191.84012310616197,500,400
325.1663539129123,191.72811695085386,500,400
325.2807091390085,191.6350444366445,500,400
325.27505949927786,191.53995888147895,500,400
325.14380533432836,191.45629427073834,500,400
324.9097389609254,191.37681289053475,500,400
324.5520572336606,191.33463891267468,500,400
324.03741322730434,191.25457363370762,500,400
323.362794301393,191.14517828535554,500,400
322.56739870029554,190.97458603775442,500,400
321.64568079127486,190.77252340253335,500,400
320.6204831358856,190.5738972324067,500,400
319.4990493163736,190.38520237078635,500,400
318.4001158642275,190.21927558558033,500,400
317.36410775373156,190.06831180630132,500,400
316.3726202109703,189.91822954931956,500,400
315.4365367962024,189.78898473852024,500,400
314.5659792204682,189.67953550159422,500,400
313.7843606750354,189.60222539318116,500,400
313.0434554277829,189.53544745685542,500,400
312.340413547838,189.4853417506793,500,400
311.6865845994894,189.43107466314535,500,400
311.0365236775251,189.34618759665474,500,400
310.44596702009835,189.26554488348864,500,400
309.89674932869144,189.21560097264754,500,400
309.371976875683,189.1414875906818,500,400
308.85593849438516,189.0444132111477,500,400
308.3480227997782,188.93219255059032,500,400
307.84766120379373,188.79224958972748,500,400
307.4103249195282,188.71930377690776,500,400
307.01760217516124,188.67667192139572,500,400
306.6663700228999,188.62283832532592,500,400
306.39572412129695,188.5716964090596,500,400
306.1300234328062,188.53644492193996,500,400
305.88292179250976,188.4829560091763,500,400
305.6671172670341,188.4121415420508,500,400
305.4804190583417,188.31153446494824,500,400
305.36278972425777,188.2626244083675,500,400
305.2813944435597,188.23615985461575,500,400
305.1496968325105,188.1776851952183,500,400
304.9992180542347,188.2021342687907,500,400
304.85927279043824,188.27202755535114,500,400
304.72912369510755,188.4317595109169,500,400
304.59408503645005,188.59017153537104,500,400
304.45449908389855,188.66066295860247,500,400
304.33868414802566,188.74096314400566,500,400
304.2169762576639,188.79724832013872,500,400
304.06178791962736,188.82405257079844,500,400
303.9454627652534,188.88951660892516,500,400
303.8792803716857,188.99837411181224,500,400
303.84573074566765,189.15512207288828,500,400
303.8005295934709,189.35736596924386,500,400
303.7444925219279,189.54949767078165,500,400
303.7203780453929,189.75868945390923,500,400
303.7119515822154,190.01075498121378,500,400
303.70411497146034,190.2035505654864,500,400
303.7248269234581,190.36670637054542,500,400
303.758089038816,190.52170438535148,500,400
303.74702280609887,190.67561916608392,500,400
303.7787312096719,190.86183820777973,500,400
303.7662200249948,190.99874629739074,500,400
303.7405846232452,191.13547564918787,500,400
303.716743699618,191.2920352000618,500,400
303.6945716406447,191.38743344005871,500,400
303.6739516257996,191.48472843472243,500,400
303.6547750119936,191.6104920129863,500,400
303.636940761154,191.7633007456703,500,400
303.6203549078732,191.86180237505346,500,400
303.60493006432205,191.96871225630076,500,400
303.5345849598195,192.08360997681905,500,400
303.4971640126321,192.17942947797806,500,400
303.4623625317478,192.2571246707458,500,400
303.4159971545254,192.2909351038752,500,400
303.3448773537086,192.31638834868144,500,400
303.278735938949,192.34723559791405,500,400
303.21722442322255,192.4032071513517,500,400
303.16001871359697,192.47638012711744,500,400
303.12081740364516,192.54589445409488,500,400
303.11236018539,192.61193306472344,500,400
303.1044949724127,192.64133641148726,500,400
303.1251803243438,192.6026029242462,500,400
303.13041770163966,192.47913944470056,500,400
303.13528846252484,192.40851580579886,500,400
303.15381827014807,192.3280900155089,500,400
303.15705099123767,192.19168551473345,500,400
303.174057421851,192.06210123899675,500,400
303.1898734023214,191.95232951038025,500,400
303.1765822641589,191.84804636819456,500,400
303.1502215056678,191.77564404978483,500,400
303.1397060002711,191.68686184729557,500,400
303.1299265802521,191.66918542159746,500,400
303.1628317196345,191.7190594838509,500,400
303.17943349926,191.75310650965835,500,400
303.2088731543118,191.83878451750877,500,400
303.25025203351,191.90017862496666,500,400
303.3027343911643,192.0251696937183,500,400
303.3515429837828,192.18391120903237,500,400
303.41093497491795,192.30804898191406,500,400
303.4381695266737,192.39264653281833,500,400
303.4354976598065,192.48634753951075,500,400
303.41901282362005,192.57536349586854,500,400
303.43168192596664,192.71992865440845,500,400
303.44346419114896,192.82393222168804,500,400
303.4404216977685,192.95606894393697,500,400
303.43759217892466,193.1149321634068,500,400
303.39296072639996,193.25918555523646,500,400
303.33745347555197,193.38955961080794,500,400
303.2998317322633,193.58008163026756,500,400
303.3068435110049,193.76107754875417,500,400
303.34136446523456,194.0263570046498,500,400
303.4014689526681,194.21170582108397,500,400
303.41536612598134,194.38778719669642,500,400
303.4702904971626,194.62173117019495,500,400
303.5073701623612,194.84397794501854,500,400
303.5278542509959,195.0551123811009,500,400
303.51890445342616,195.24235676204586,500,400
303.53858114168634,195.3735722572769,500,400
303.50088046176825,195.49822697774638,500,400
303.4658188294445,195.64998229552575,900,400
303.43321151138343,195.78081651408277,900,400
303.3608867055866,195.84510902171195,900,400
303.2656246361955,195.83285357062636,900,400
303.1770309116618,195.82787755876168,900,400
303.1086387478455,195.79648368082357,900,400
303.0030340354963,195.76665949678238,900,400
302.8068216530115,195.8116598552766,900,400
302.4703441373007,195.90107686251275,900,400
302.0594200476896,195.9860230193871,900,400
301.53726064435136,196.14672186841773,900,400
300.8836523992468,196.35271910833018,900,400
300.1217967312995,196.62174981958034,900,400
299.2872709601086,196.89732899526797,900,400
298.35716199290096,197.23246254550457,900,400
297.36616065339786,197.537506084896,900,400
296.37452940766,197.8606307806512,900,400
295.4383123491238,198.20759924161865,900,400
294.5396304846851,198.58388594620436,900,400
293.7038563507571,198.92802498222747,900,400
292.8845864062041,199.2616237331161,900,400
292.1226653577698,199.5518758797936,900,400
291.4140787827259,199.81428208580394,900,400
290.74109326793507,200.05690131484704,900,400
290.1152167391796,200.28072291577135,900,400
289.53315156743696,200.48002010331612,900,400
288.99183095771633,200.68268576481697,900,400
288.5024027906762,200.87521814324276,900,400
288.0332345953288,201.0381239027473,900,400
287.5549081736558,201.1462177076099,900,400
287.1100646014999,201.22890682222942,900,400
286.69636007939494,201.28746148111793,900,400
286.3536148738373,201.36308840706204,900,400
286.02086183266863,201.37493398670892,900,400
285.68340150438183,201.39285395404013,900,400
285.3415633990751,201.40321125633812,900,400
284.9956539611398,201.4330506935212,900,400
284.68795818385996,201.46139815884513,900,400
284.45780111098975,201.48832825090287,900,400
284.25775503322046,201.5205785050244,900,400
284.071712180895,201.53121624643984,900,400
283.89869232823236,201.5413221007845,900,400
283.73778386525606,201.5575893290786,900,400
283.61613899468813,201.59304319595802,900,400
283.51700926506,201.64672436949343,900,400
283.46681861650575,201.7110548176854,900,400
283.46214131335034,201.78550207680112,900,400
283.4297914214158,201.85622697296105,900,400
283.3997060219167,202.003415624313,900,400
283.4137266003825,202.13657817643065,900,400
283.4687657383557,202.29641593427579,900,400
283.5619521366708,202.45492847089534,900,400
283.62061548710386,202.61884871401722,900,400
283.67517240300657,202.75457294498304,900,400
283.7259103347961,202.89017763106722,900,400
283.7170966113604,203.01900208284718,900,400
283.68089984856516,203.12138531203814,900,400
283.6472368591656,203.19198271310287,900,400
283.55993027902406,203.2790502441144,900,400
283.42273515949233,203.38176439857534,900,400
283.26714369832786,203.48600951197992,900,400
283.0944436394449,203.5917090363809,900,400
282.9338325846837,203.68545691789518,900,400
282.7564643037558,203.7611840720004,900,400
282.57751180249295,203.81312486840037,900,400
282.43908597631844,203.83580195831368,900,400
282.31034995797614,203.83067852706466,900,400
282.17662546091776,203.7858112673781,900,400
282.0802616786535,203.74985403734252,900,400
282.03264336114773,203.68236133547538,900,400
282.00235832586736,203.6182432687016,900,400
281.94619324305665,203.5573311052665,900,400
281.92195971604264,203.53946455000317,900,400
281.9274225359196,203.5091579891697,900,400
281.9045029584052,203.4070334230445,900,400
281.89718775131684,203.31668175189228,900,400
281.91838460872464,203.23751433096433,900,400
281.9380976861139,203.14897194774943,900,400
281.9424308480859,203.08485668369528,900,400
281.91846068871985,203.0506138495105,900,400
281.91016844050944,203.05141649036833,900,400
281.90245664967375,203.07217899918325,900,400
281.8532846841966,203.12523671589076,900,400
281.7935547563028,203.1956415467629,900,400
281.79400592336157,203.29585946942473,900,400
281.79442550872625,203.4243998292868,900,400
281.7528157231154,203.54651317115582,900,400
281.7141186224973,203.64918751259802,900,400
281.69213031892247,203.7667281369681,900,400
281.71368119659786,203.94505839678638,900,400
281.69172351283595,204.08780547694707,900,400
281.6993028669374,204.2234152030997,900,400
281.72035166625176,204.37224444294472,900,400
281.75392704961416,204.50029888746414,900,400
281.75715215614116,204.6219506097576,900,400
281.7321515052112,204.72418641260305,900,400
281.7089008998464,204.82131042530622,900,400
281.7012778368571,204.9002449040409,900,400
281.6801883882771,204.95523265883887,900,400
281.61857520109766,205.00080435923024,900,400
281.5612749370208,205.03743080793538,900,400
281.4939856914293,205.07222593420525,900,400
281.41740669302925,205.07861463749498,900,400
281.3181882245172,205.05135057228688,900,400
281.253915048801,205.03878304367254,900,400
281.2081409953849,205.03351055815557,900,400
281.19357112570793,205.02850169691445,900,400
281.19402114690837,205.0237432787354,900,400
281.2224396666248,205.02588944813195,900,400
281.3048688899611,205.02792830905867,900,400
281.4375280676638,205.02986522693905,900,400
281.5749011029273,205.02503863225877,900,400
281.7166580257224,205.02712003397914,900,400
281.8764919639218,205.04243069894684,900,400
281.9971375264473,205.03697583066617,900,400
282.137337899596,205.03179370579952,900,400
282.2257242466243,205.0468706871762,900,400
282.26592354936054,205.08119381948404,900,400
282.2753089009053,205.1338007951765,900,400
282.2980372778419,205.17044408875103,900,400
282.27717466839295,205.20525521764682,900,400
282.2297724416054,205.23165912343114,900,400
282.15768837069305,205.25007616725958,900,400
