smooth_x,smooth_y,x_tacka,y_tacka
360.0,308.0,40,40
359.29999999999995,308.29999999999995,40,40
357.80899999999997,309.01833333333326,40,40
356.07237,309.8924166666666,40,40
354.3033041,310.81779583333326,40,40
352.7187394796667,311.7102393749999,40,40
351.14842771609,312.6247274062499,40,40
349.63303777596366,313.5434910359374,40,40
348.1809473538684,314.4552053730294,40,40
346.7262810390976,315.6824451043779,40,40
345.1214413663608,316.86498951582564,40,40
343.51694047071555,317.9217400400343,40,40
342.1367546377654,318.6256530380326,40,40
340.8391818131218,319.4077037194643,40,40
339.47843908620325,320.2506518668244,40,40
338.212948350169,321.10478594014984,40,40
336.9660419656571,321.90954664314233,40,40
335.7364190280611,322.6740693109852,40,40
334.69086969609685,323.37369917876924,40,40
333.74650881737006,324.03168088649744,40,40
332.84025320015417,324.65009684217256,40,40
331.98343547614337,325.1775920000639,40,40
331.1025949928133,325.67204573339404,40,40
330.39541334331636,326.10177678005766,40,40
329.76573440928416,326.49668794105474,40,40
329.1941330006342,326.851853544002,40,40
328.6625436905898,327.20926086680186,40,40
328.2381656322485,327.5487978234617,40,40
327.7734940379911,327.86469126562196,40,40
327.3693494553317,328.13145670234087,40,40
326.96549499345844,328.38488386722383,40,40
326.4779103439163,328.6256396738627,40,40
326.15045661984215,328.8343576901695,40,40
325.8599246564532,329.0459731389943,40,40
325.6877299305014,329.2603411487113,40,40
325.5555888353663,329.45065742460906,40,40
325.5306976168906,329.67145788671195,40,40
325.56354878370826,329.84788499237635,40,40
325.6361003688487,330.02882407609087,40,40
325.64757334302925,330.20071620561964,40,40
325.7282432090172,330.364013728672,40,40
326.251266184386,330.41247970890504,40,40
327.10167755147893,330.3585223901265,40,40
327.80856012287535,330.30059627062013,40,40
328.4519609142741,330.2522331237558,40,40
329.0363236502749,330.19962146756797,40,40
329.56578099475564,330.1363070608562,40,40
330.03017632512274,330.0828250411467,40,40
330.4900639823641,330.025350455756,40,40
330.9877595035986,329.9707495996348,40,40
331.46461633834673,329.9255454529864,40,40
331.58609319466245,329.87593484700375,40,40
331.3350666710361,329.84213810465354,40,40
331.07361200406353,329.81669786608757,40,40
330.8304591637791,329.7791963061165,40,40
330.56232702231455,329.75690315747727,40,40
330.28496413075254,329.8290579996034,40,40
330.0550166415998,329.96427176628987,40,40
329.86916547668784,330.0660581779754,40,40
329.6543238933197,330.1694219357433,40,40
329.35652122078733,330.27428417228947,40,40
328.9815647353322,330.380569963675,40,40
328.6328552038589,330.4615414654912,40,40
328.3085553395888,330.55179772555,40,40
327.93695646581756,330.6442078392725,40,40
327.6473695132103,330.7053307806422,40,40
327.3220536472856,330.77673090827676,40,40
327.3415098919756,330.76456102952955,40,40
327.6816041995373,330.6529996447197,40,40
327.99789190556965,330.53368299581706,40,40
328.33403947217977,330.4136655126929,40,40
328.7306567091272,330.2929822370582,40,40
329.4495107394883,330.1116664585386,40,40
330.2020449877241,329.93941646894496,40,40
330.9719018385834,329.7624456454977,40,40
331.70186870988255,329.5676566965561,40,40
332.39473790019076,329.3892738617283,40,40
332.7171062471774,329.2264768353086,40,40
332.694908809875,329.0584863268765,40,40
332.64626519318375,328.90556201053266,40,40
332.58702662966084,328.800283910006,40,40
332.57393476558457,328.69360304783896,40,40
332.1277593319936,328.6922562287803,40,40
331.72681617875406,328.77764341734127,40,40
331.2559390462413,328.8920945798075,40,40
330.74802331300435,329.0141565174838,40,40
330.30366168109407,329.15011535827625,40,40
329.84840536341744,329.37260959036246,40,40
329.38301698797824,329.61064577751097,40,40
328.88020579881976,329.8767801553021,40,40
328.3985913929024,330.15627448087025,40,40
327.8526899953992,330.40846075682674,40,40
327.3310016957212,330.6747043856521,40,40
326.7478315770207,330.9543024997028,40,40
326.2054833666292,331.22658737471767,40,40
325.75709953096515,331.4585913393151,40,40
325.31210256379757,331.6989951056826,40,40
324.8982553843317,331.92071201706517,40,40
324.44337750742847,332.15134308287855,40,40
324.03434108190845,332.3771092620679,40,40
323.72393720617487,332.53825379896455,40,40
323.50526160174263,332.6713411090163,40,40
323.2738932896206,332.8044407202321,40,40
323.0447207593471,332.93088535088714,500,40
322.8035903061928,333.0376744166761,500,40
322.5513389847593,333.1391240291756,500,40
322.3167452558261,333.23550116105014,500,40
322.47657308791827,333.2203927696643,500,40
323.073212971764,333.09937313118104,500,40
323.6280880637405,332.964404474622,500,40
324.50812189927865,332.75618425089084,500,40
325.13055336632914,332.50504170501296,500,40
325.63941463068613,332.2397896197623,500,40
326.2246556065381,331.91446680544084,500,40
326.8669297140804,331.5720767985021,500,40
327.4782446340948,331.2668062919103,500,40
328.1447675097082,330.92346597731483,500,40
328.4146337840286,330.5239593451157,500,40
328.3016094191466,330.0777613778599,500,40
328.0564967598063,329.60720664230024,500,40
327.4925419866198,329.0935129768519,500,40
327.1640640475564,328.545503994676,500,40
327.0545795642275,328.0582287949422,500,40
326.93875899473153,327.6286506885284,500,40
326.84504586510036,327.17388482076865,500,40
326.7858926545433,326.78185724639684,500,40
326.73088016872526,326.3960977174103,500,40
326.44171855691445,326.0162928315398,500,40
325.89279825793045,325.65547818996276,500,40
325.62030237987534,325.2793709471313,500,40
325.36688121328405,324.8887357331081,500,40
324.90719952835417,324.537632279786,500,40
324.25569556136935,324.2240839991301,500,40
323.4257968720735,323.93954646584024,500,40
322.41599109102833,323.66256914254825,500,40
321.47687171465634,323.4061073520875,500,40
320.60349069463035,323.1691353178164,500,40
320.0292463460062,322.9506785519256,500,40
319.5651991017857,322.7631446243293,500,40
318.8956351646607,322.59165405977944,500,40
318.2729407031344,322.4220713567904,500,40
317.70783485391496,322.2743011222842,500,40
317.1962864141409,322.1339193995033,500,40
316.95854636515105,322.00722342952815,500,40
316.98944811959046,321.88686225805174,500,40
317.0041867512191,321.77251914514915,500,40
317.01789367863375,321.657226521225,500,40
316.8066411211294,321.5476985284971,500,40
316.84817624265037,321.4369802687389,500,40
317.1388039056649,321.3251312553019,500,40
317.3950876322683,321.25887469253684,500,40
317.85743149800953,321.1892642912433,500,40
318.51141129314885,321.1164677433478,500,40
319.1196125026284,321.0339776895138,500,40
320.9592396274444,320.9356121383714,500,40
323.9580928535233,320.8354981981195,500,40
326.76102635377663,320.72705662154686,500,40
329.3677545090123,320.62403712380285,500,40
331.56801169338144,320.56616860094607,500,40
333.6282508748447,320.5111935042321,500,40
335.58627331360555,320.4656338290205,500,40
337.40723418165317,320.4090188042361,500,40
339.0727277889374,320.37523453069093,500,40
340.6356368437118,320.3431394708231,500,40
340.8151422646519,320.31931583061527,500,40
339.5120823061263,320.2700167057511,500,40
338.0902365446974,320.2431825371302,500,40
336.9639199865686,320.2576900769403,500,40
336.1264455875088,320.27147223976,500,40
335.33359439638315,320.2912319611053,500,40
334.58224278863634,320.31667036305004,500,40
333.8694857934318,320.33417017823086,500,40
333.23462178789157,320.3307950026526,500,40
332.6441982627391,320.28092191918665,500,40
332.09510438434734,320.2335424898939,500,40
331.780447077443,320.1818653653992,500,40
331.68381578202195,320.13943876379585,500,40
331.6219486772804,320.0658001589394,500,40
331.57841226987074,319.99584348432575,500,40
331.5379234109798,319.92271797677614,500,40
331.2622687722112,319.853248744604,500,40
331.0199099581564,319.77391964070716,500,40
330.79451626108545,319.6652236586718,500,40
330.5849001228095,319.5619624757382,500,40
330.40395711421274,319.4771976852846,500,40
330.23568011621785,319.4033378010203,500,40
330.07918250808257,319.339837577636,500,40
329.9336397325168,319.28617903208755,500,40
329.78428495124064,319.2418700804832,500,40
329.35138500465376,319.1931099097924,500,40
329.18678805432796,319.1467877476361,500,40
328.683712890525,319.08944836025427,500,40
328.21585298818826,319.03497594224154,500,40
327.50074327901507,318.98322714512943,500,40
326.555691249484,318.93406578787295,500,40
325.69079286202015,318.8806958318126,500,40
324.88643736167876,318.8299943735553,500,40
324.16638674636124,318.77516132154415,500,40
323.20273967411595,318.7164032554669,500,40
322.29254789692783,318.6472497593602,500,40
321.44606954414286,318.58155393805885,500,40
321.00884467605283,318.5191429078226,500,40
320.6022255487291,318.45985242909813,500,40
320.490069760318,318.4035264743099,500,40
320.65176487709573,318.3566834839277,500,40
320.788141335699,318.31218264306466,500,40
320.9149714422,318.2832401775781,500,40
320.794923441246,318.27574483536586,500,40
321.0052788003588,318.26862426026423,500,40
321.52290928433365,318.2618597139177,500,40
321.7663056344303,318.26210006155515,500,40
322.02066424002015,318.26232839181074,500,40
322.03321774321876,318.2892119722202,500,40
322.0728925011934,318.32141804027583,500,40
322.1377900261098,318.35868047159533,500,40
321.97414472428216,318.4140797813489,500,40
321.84995459358237,318.4667091256148,500,40
321.9444577720316,318.543373669334,500,40
322.0323457279894,318.62287165253395,500,40
321.89008152703013,318.71839473657394,500,40
322.037775820138,318.80914166641185,500,40
322.16113151272833,318.89535124975794,500,40
322.51385230683735,318.9572503539367,960,40
322.85588264535875,319.0227211695732,960,40
323.1879708601836,319.0915851110945,960,40
323.7208128999707,319.1503391888731,960,40
325.5183559969728,319.2528222294294,960,40
327.2320710771847,319.34351445129124,960,40
328.5738261017817,319.44300539539336,960,40
329.73765827465695,319.55752179229034,960,40
330.45602219543093,319.6596457026758,960,40
330.80210064175077,319.76999675087535,960,40
330.8019535968282,319.86149691333156,960,40
330.4518168450502,319.948422067665,960,40
329.8181896658966,320.0443342976151,960,40
328.93491638928384,320.1621175827343,960,40
326.4894722420339,320.28067837026424,960,40
323.87920918509155,320.39997778508433,960,40
321.35366454213516,320.5199788958301,960,40
318.99090802418567,320.6406466177052,960,40
316.8075444624927,320.76194762015325,960,40
314.76301635011816,320.8438502391456,960,40
312.84760520560985,320.9216577271883,960,40
311.06627284121714,320.99557484082885,960,40
309.3676337423319,321.05912943212076,960,40
307.75989938036867,321.1261729605147,960,40
306.2507064237428,321.18319764582225,960,40
304.8331569740808,321.2373710968645,960,40
303.5288359858951,321.29550254202127,960,40
302.3018174668824,321.32406074825354,960,40
301.14669024420067,321.3378577108408,960,40
300.0584219271066,321.3576314919654,960,40
299.0743323922091,321.40308325070043,960,40
298.18712912475445,321.4662624214987,960,40
297.3480300860216,321.5262826337571,960,40
296.5956679800001,321.5766351687359,960,40
295.9099712214001,321.6178034102991,960,40
295.2582732359021,321.65024657311744,960,40
294.6381941093889,321.67440091112826,960,40
294.06152052173167,321.69068086557184,960,40
293.51121408521044,321.70614682229325,960,40
292.9994290992457,321.7208394811786,960,40
292.52346906229843,321.748130840453,960,40
292.05282622793754,321.77405763176364,960,40
291.6291283919819,321.7986880835088,960,40
291.2070894045432,321.8287536793334,960,40
290.80059314622514,321.85064932870006,960,40
290.43655162598935,321.84478352893166,960,40
290.1119930121701,321.8125443524851,960,40
289.7821535013182,321.78858380152747,960,40
289.4754027562259,321.7724879447844,960,40
289.19012456329006,321.7705302142118,960,40
288.8828158438597,321.78200370350123,960,40
288.59701873478946,321.79290351832617,960,40
288.3452274233542,321.80992500907655,960,40
288.12506150371934,321.8260954252894,960,40
287.92030719845894,321.8547906540249,960,40
287.7298856945668,321.8687177879903,960,40
287.5527936959471,321.8886152319241,960,40
287.43009813723086,321.9141844703279,960,40
287.3719912676247,321.9518085801448,960,40
287.331951878891,321.99421815113755,960,40
287.30871524736864,322.0411739102473,960,40
287.2591051800528,322.07911521473494,960,40
287.2129678174491,322.1084927873315,960,40
287.1840600702277,322.1364014812982,960,40
287.1711758653118,322.1562480739,960,40
287.17319355473995,322.168435670205,960,40
287.17507000590814,322.1866805533614,960,40
287.1628151054946,322.20401319236,960,40
287.13741804810996,322.213812532742,960,40
287.11379878474224,322.2031219061049,960,40
287.07783286981027,322.19296581079965,960,40
287.07238456892355,322.1699841869263,960,40
287.0533176490989,322.1414849775799,960,40
287.02158541366197,322.08774406203423,960,40
286.9780744347056,322.0300235255992,960,40
286.8956092242762,321.95518901598587,960,40
286.7489165785769,321.87742956518656,960,40
286.5984924180765,321.79022475359386,960,40
286.4865979488111,321.7273801825809,960,40
286.3125360923943,321.6476778401185,960,40
286.0946585659267,321.5519606147792,960,40
285.83603246631185,321.44102925070695,960,40
285.52551019366996,321.31564445483826,960,40
285.236724480113,321.18986223209635,960,40
284.96815376650505,321.0770357871582,960,40
284.74638300284965,320.9631839978003,960,40
284.55413619265016,320.8416914645769,960,40
284.38934665916463,320.7262735580147,960,40
284.1520923930231,320.609959880114,960,40
284.05744592551144,320.5327952194416,960,40
284.09542471072564,320.5061554584695,960,40
284.1867449809748,320.4941810188793,960,40
284.2856728323066,320.4828053012687,960,40
284.4336757340451,320.4786650362052,960,40
284.59931843266196,320.51473178439494,960,40
284.7533661423756,320.5623285285085,960,40
284.99463051240934,320.6542121020831,960,40
285.2610063765407,320.7881681636456,960,40
285.5367359301829,320.90875975546334,960,40
285.73716441507,321.0166551010235,960,40
285.82556290601514,321.1058223459723,960,40
285.90777350259407,321.1971978953403,960,40
285.9842293574125,321.26400466723993,960,40
286.02733330239363,321.3541377672112,960,40
286.06741997122606,321.4264308788506,960,40
286.13270057324024,321.48177600157476,960,40
286.0954115331134,321.52102053482935,960,40
285.96273272579543,321.55163617475455,960,40
285.7973414349898,321.52738769935013,960,40
285.6015275345405,321.4576849810493,960,40
285.4194206071226,321.37813406533013,960,40
285.19406116462403,321.25589402873027,960,40
284.99847688310035,321.0930993272937,960,40
284.8305835012833,320.95844436092904,960,40
284.6604426561935,320.85052214288254,960,40
284.5302116702599,320.7879960357384,960,40
284.5210968533417,320.76192956728477,960,40
284.58262007360776,320.75049975558716,960,40
284.6958366684552,320.7129747678078,960,40
284.88512810166327,320.6706593627507,40,250
285.06116913454684,320.59712639461316,40,250
285.23888729512856,320.52727007488244,40,250
285.4461651844696,320.4675732378049,40,250
285.5969336215567,320.42419457591467,40,250
285.7511482680477,320.4229848471189,40,250
285.93656788928433,320.4351689380963,40,250
286.3330081370344,320.4867438245248,40,250
286.967697567442,320.5757399666319,40,250
287.851958737721,320.6936196349669,40,250
288.9403216260805,320.8389386532186,40,250
290.30249911225485,320.99032505389096,40,250
291.919324174397,321.14747546786305,40,250
294.0389714821892,321.3901016944699,40,250
296.2622434784359,321.66726327641305,40,250
298.5958864349454,321.9505667792591,40,250
300.9761743844992,322.27303844029615,40,250
303.2318421775842,322.63938651828136,40,250
305.3716132251533,323.0340838590339,40,250
307.37560029939254,323.45571299941554,40,250
309.23930827843503,323.8762606827781,40,250
310.9865566989446,324.31578098197247,40,250
312.58349773001845,324.74665859954047,40,250
313.7326528889172,325.1693256695635,40,250
314.82936718669293,325.56419271941866,40,250
315.83531148362437,325.9259830834477,40,250
316.74283967977067,326.27635059594195,40,250
317.5588409021867,326.6091997328115,40,250
318.2897220390337,326.87873974617094,40,250
318.9414414963013,327.12813609219575,40,250
319.5475405915602,327.371729287586,40,250
320.083212750151,327.6031428232067,40,250
320.59538785764045,327.8229856820464,40,250
321.0857107076056,328.0318363979441,40,250
321.5557109580732,328.2302445780469,40,250
322.00681119100807,328.41873234914453,40,250
322.44033440763747,328.59112906502065,40,250
322.8295109991028,328.7615726117696,40,250
323.17744522916564,328.9301606478478,40,250
323.48702406312407,329.0903192821221,40,250
323.74693237870537,329.235803318016,40,250
324.002647112196,329.3606798187818,40,250
324.22646181434226,329.4859791611761,40,250
324.4486094873383,329.618346869784,40,250
324.6272068232246,329.7640961929614,40,250
324.8773023455988,329.9158913833133,40,250
325.09589118140684,330.06676348081425,40,250
325.29917879870834,330.21009197344017,40,250
325.76823628279874,330.3462540414348,40,250
326.23245974300283,330.468941339363,40,250
326.6641875609927,330.5921609390615,40,250
327.0376944317232,330.71588622544175,40,250
327.39905582150254,330.8200919141696,40,250
327.67912191399734,330.92575398512776,40,250
327.92558338001754,331.03946628587136,40,250
328.0427925434163,331.1741596382444,40,250
328.13779706537713,331.32211832299885,40,250
328.2541512708007,331.4626790735155,40,250
328.32036068184465,331.5895451198397,40,250
328.3539354341155,331.6967345305144,40,250
328.3571599537274,331.79189780398866,40,250
328.33215875696646,331.8823029137892,40,250
328.2669076439788,331.9681877680997,40,250
328.24822410890033,332.04311171302805,40,250
328.24484842127725,332.1276227940433,40,250
328.53570903178786,332.2012416543411,40,250
329.1002093995627,332.27117957162403,40,250
329.8771947415933,332.34428725970946,40,250
330.3197911096818,332.40040623005734,40,250
330.717405732004,332.43371925188785,40,250
331.0871873307637,332.45869995596007,40,250
331.41708421761024,332.475764958162,40,250
331.70988832237754,332.4919767102539,40,250
331.9681961398111,332.49404454140785,40,250
332.2224224100243,332.4893423143374,40,250
332.1508528413226,332.47154186528724,40,250
331.77629314243,332.4412981053562,40,250
331.1199526224599,332.39923320008836,40,250
330.5375559388877,332.3592715400839,40,250
330.0239270231656,332.30797462974635,40,250
329.546252131544,332.2392425649257,40,250
329.13001448233587,332.1806137700127,40,250
328.77091346857236,332.1315830815121,40,250
328.3949495257723,332.0783372607698,40,250
328.0033030589682,332.02775373106465,40,250
327.93307184484036,331.9796993778447,40,250
328.1757568157015,331.9340477422858,40,250
328.4434538386024,331.87734535517154,40,250
328.70641206990024,331.83014475407964,40,250
328.9369632250072,331.791970849709,40,250
329.1513757992567,331.76237230722353,40,250
329.3367794933087,331.740920358529,40,250
329.49520492877707,331.73387434060254,40,250
329.68454058376267,331.73384729023905,40,250
329.88862274289926,331.74048825906044,40,250
329.7984191508963,331.76679717944074,40,250
329.42052981033356,331.78512398713536,40,250
329.02709272361017,331.78920112111194,40,250
328.6471962329574,331.79974106505637,40,250
328.2798924966504,331.8164206784702,40,250
327.9243000218849,331.83226631121335,40,250
327.60759902035295,331.8273196623193,40,250
327.60706708892826,331.8292870125367,40,250
327.87257239270326,331.83115599524325,40,250
328.105492325214,331.8329315288144,40,250
328.28010786244903,331.83461828570705,40,250
328.4145003120776,331.8428873714217,40,250
328.5254852902322,331.84407633618395,40,250
328.6007013199159,331.85187251937475,40,250
328.64265222752175,331.8659455600727,40,250
328.7096665715952,331.8659816154024,40,250
328.75798991158354,331.86601586796564,40,250
328.5509306177727,331.859381741234,40,250
328.0783654745286,331.83974598750564,40,250
327.6528798913116,331.814425354797,40,250
327.27117829891984,331.7837040870571,40,250
326.90219581799545,331.7745188827042,40,250
326.5590421107358,331.765792938569,40,250
326.2259091629843,331.75750329164055,40,250
325.90209552157535,331.7496281270585,40,250
325.55894883506505,331.7488133873722,500,250
325.2398224166105,331.7347060513369,500,250
324.8730348474477,331.7146374154367,500,250
324.51792240812637,331.6955722113315,500,250
324.48166783955753,331.67746026743157,500,250
324.4759510907885,331.6669205873933,500,250
324.5966345144333,331.6635745580236,500,250
324.84887009842294,331.68706249678905,500,250
325.2374491915333,331.7360427052829,500,250
325.71082774812595,331.802573903352,500,250
326.26306980575714,331.8791118748511,500,250
326.8326549193541,331.94515628110855,500,250
327.4323690749993,332.00123180038645,500,250
328.0881032397494,332.05450354370043,500,250
328.47393601296693,332.1117783665154,500,250
328.9307604920592,332.1595227815229,500,250
329.36960725761503,332.21154664244676,500,250
329.749734749582,332.2809693103244,500,250
330.0752533171112,332.3535875114748,500,250
330.0839855849134,332.4159081359011,500,250
330.12010659396947,332.475112729106,500,250
330.1956991323916,332.5313570926507,500,250
330.3080001931242,332.5847892380182,500,250
330.3564401796055,332.60888310945063,500,250
330.4014893670331,332.6251056206447,500,250
330.41538511134075,332.6271836729458,500,250
330.4003081535469,332.62915782263184,500,250
330.3022865827986,332.6176999315002,500,250
330.1271265220027,332.5868149349252,500,250
330.2722276654625,332.5441408548456,500,250
330.3931717288801,332.49026714543663,500,250
330.1836497078585,332.4390871214981,500,250
330.0167942283084,332.37046609875654,500,250
329.93161863232683,332.28527612715203,500,250
329.8804053280639,332.19767898746113,500,250
329.8607769550994,332.1144617047547,500,250
329.85652256824244,332.02873861951696,500,250
329.8665659884655,331.92063502187443,500,250
329.9599063692729,331.83126993744736,500,250
329.99071292342376,331.72637310724167,500,250
330.0333630187841,331.62672111854624,500,250
330.36702760746914,331.51205172928553,500,250
330.67733567494633,331.41644914282125,500,250
330.9659221777001,331.3389600190135,500,250
331.2063076252611,331.2586786847295,500,250
331.3878660914928,331.2024114171597,500,250
331.52871546508834,331.155624179635,500,250
331.65970538253214,331.1045096373199,500,250
331.7115260057549,331.0492841554539,500,250
331.801719185352,331.0168199476812,500,250
331.85759884237734,331.00597895029716,500,250
331.9235669234109,331.00901333611563,500,250
331.9569172387721,331.0318960026432,500,250
331.9599330320581,331.06030120251097,500,250
331.66873771981403,331.10061947571876,500,250
331.11792607942704,331.13892183526616,500,250
330.64767125386714,331.19530907683617,500,250
330.2523342660964,331.2688769563277,500,250
329.89867086746966,331.33209977517794,500,250
329.5277639067468,331.3921614530857,500,250
329.12682043327453,331.42922004709806,500,250
328.6979430029453,331.4444257114098,500,250
328.25708699273906,331.45887109250594,500,250
327.80509090324733,331.47259420454725,500,250
327.63673454002003,331.4589644943199,500,250
327.7461631222186,331.4460162696039,500,250
327.7639317036633,331.40704878945706,500,250
327.76645648440683,331.37669634998423,500,250
327.75480453049835,331.327861532485,500,250
327.7439682133635,331.2614684558607,500,250
327.789890438428,331.211728366401,500,250
327.832598107738,331.151141948081,500,250
327.8723162401963,331.06691818401026,500,250
327.9092541033825,330.9869056081431,500,250
327.94360631614575,330.9108936610693,500,250
328.01755387401556,330.8653489780158,500,250
328.10032510283446,330.822081529115,500,250
328.261302345636,330.79431078599254,500,250
328.42501118144145,330.77459524669285,500,250
328.5772603987405,330.76253215102486,500,250
328.6768521708287,330.7244055434736,500,250
328.78347251887067,330.69485193296657,500,250
328.9246294425497,330.67344266965154,500,250
329.1399053815712,330.65977053616893,500,250
329.42411200486123,330.6601153426938,500,250
329.71642416452096,330.64044290889245,500,250
329.94627447300445,330.6550874301145,500,250
330.0620352598941,330.66899972527546,500,250
330.1556927917015,330.68221640567833,500,250
330.24279429628234,330.69477225206106,500,250
330.30979869554255,330.680033639458,500,250
330.3581127868546,330.666031957485,500,250
330.3470448917748,330.63939702627744,500,250
330.3227517493505,330.6207605082969,500,250
330.286159126896,330.609722482882,500,250
330.22412798801327,330.59923635873787,500,250
330.19443902885234,330.5759412074676,500,250
330.15282829683264,330.51381081376087,500,250
330.11413031605434,330.4547869397395,500,250
330.07814119393055,330.3920475927525,500,250
330.0446713103554,330.32577854644813,500,250
330.0135443186305,330.22948961912573,500,250
329.9845962163264,330.13801513816946,500,250
329.8736744811835,330.071114381261,500,250
329.70051726750063,329.9942253288646,500,250
329.48348105877557,329.90784739575474,500,250
329.2816373846613,329.82578835930036,500,250
329.107922767735,329.74783227466867,500,250
328.98836817399354,329.6871073276019,500,250
328.905182401814,329.6427519612218,500,250
328.827819633687,329.60728102982733,500,250
328.7558722593289,329.58025031166926,500,250
328.70296120117587,329.5612377960858,500,250
328.63975391709357,329.5365092396148,500,250
328.56697114289705,329.5130171109674,500,250
328.56928316289424,329.5040329220857,500,250
328.65543334149163,329.5088312759814,500,250
328.4695530075872,329.5267230455156,500,250
328.0026842970561,329.5370535599065,500,250
327.63849639626216,329.5668675485778,500,250
327.3138016485238,329.6151908378156,500,250
327.0958355331271,329.6744312959248,500,250
326.9351270458082,329.7573763977952,500,250
326.8136681526016,329.80950757790544,500,250
326.7147113819195,329.8323655323435,960,250
326.55268158518516,329.84741392239295,960,250
326.3599938742222,329.8883765596066,960,250
326.44679430302665,329.92729106495966,960,250
326.83551870181475,329.9909265117117,960,250
327.0990323926877,330.0513801861261,960,250
327.26010012519953,330.10881117681976,960,250
327.1018931164355,330.1633706179787,960,250
326.67476059828505,330.22186875374643,960,250
326.01152735640505,330.29077531605907,960,250
325.12872044145666,330.3762365502561,960,250
324.0697100105547,330.47075805607665,960,250
322.8048303098158,330.5605534866061,960,250
321.3764921881287,330.6391924789425,960,250
319.75413773495967,330.733899521662,960,250
317.8673480935125,330.7838712122455,960,250
315.9586337269666,330.8446776516332,960,250
314.0715293660789,330.8357771023849,960,250
312.31652231045337,330.8406549139323,960,250
310.69836574872164,330.83195550156904,960,250
309.20748014631107,330.83702439315726,960,250
307.7649565360693,330.84850650683273,960,250
306.38140957854444,330.8660811814911,960,250
305.06671090804633,330.88277712241654,960,250
303.83004114448306,330.8786382662957,960,250
302.77793826436925,330.86137301964754,960,250
301.67348258586344,330.78497103533186,960,250
300.730338804853,330.7190558168986,960,250
299.8252150885133,330.65643635938704,960,250
298.94145003231733,330.5902812080843,960,250
298.1195485300551,330.5874338143468,960,250
297.39718013295123,330.5913954569628,960,250
296.73937752364463,330.6484923507813,960,250
296.1416210969895,330.7027343999088,960,250
295.57170762020024,330.75426434658,960,250
295.0416880867862,330.8032177959176,960,250
294.64676992071117,330.84305690612166,960,250
294.27949602626137,330.8742373941489,960,250
293.95193130442306,330.89052552444144,960,250
293.64729611311344,330.90599924821936,960,250
293.34998538519545,330.9140326191417,960,250
293.0174864082318,330.98166432151794,960,250
292.73626235965554,331.03258110544203,960,250
292.48872399447964,331.0809520501699,960,250
292.2445133148661,331.1202377809948,960,250
292.01739738282544,331.1508925586117,960,250
291.79217956602764,331.1733479306811,960,250
291.5687269964057,331.194680534147,960,250
291.36091610665727,331.20827984077295,960,250
291.22365197919123,331.21453251540095,960,250
291.0679963406478,331.2204725562975,960,250
290.95123659680246,331.2261155951493,960,250
290.81465003502626,331.2381431487251,960,250
290.6736245325744,331.24956932462214,960,250
290.5424708152942,331.267090858391,960,250
290.4344978582236,331.2837363154714,960,250
290.30608300814794,331.2795494996978,960,250
290.15865719757755,331.26890535804625,960,250
290.00755119374713,331.2454600901439,960,250
289.8390226101848,331.2231870856367,960,250
289.66829102747187,331.18869439802154,960,250
289.5095106555488,331.1625930114538,960,250
289.36184490966036,331.13779669421444,960,250
289.19651576598415,331.1142401928371,960,250
289.04275966236526,331.0918615165286,960,250
288.8857664859997,331.0706017740355,960,250
288.7957628319797,331.04373835200033,960,250
288.7680594337411,331.0115514344003,960,250
288.7562952733792,330.9876405293469,960,250
288.7313546042426,330.9649251695462,960,250
288.68015978194563,330.9433455777355,960,250
288.5765485972094,330.9295116321821,960,250
288.4101901954047,330.86970271723965,960,250
288.19947688172635,330.759550914711,960,250
287.9895135000055,330.66157336897544,960,250
287.76624755500507,330.58182803385995,960,250
287.5166102261547,330.49273663216695,960,250
287.22844751032386,330.40143313389194,960,250
286.9604561846012,330.30136147719736,960,250
286.6972242516791,330.2196267366708,960,250
286.5084185540615,330.1419787331706,960,250
286.4028292552772,330.0682131298454,960,250
286.38863120740774,329.9914691400198,960,250
286.4454270228892,329.91856234968543,960,250
286.52624713128694,329.8493008988678,960,250
286.65740983209685,329.7768358539244,960,250
286.82139114385006,329.70132739456153,960,250
286.98789376378056,329.69626102483346,960,250
287.0867412003159,329.7514479735918,960,250
287.22066931629377,329.8038755749122,960,250
287.3732224641532,329.84701512949994,960,250
287.51509689166244,329.89466437302497,960,250
287.61904010924604,329.94659782104037,960,250
287.6877073015988,330.02260126332163,960,250
287.75156779048683,330.0881378668222,960,250
287.81095804515274,330.15039764014773,960,250
287.852190981992,330.21621109147367,960,250
287.91853761325257,330.28540053689994,960,250
287.9942399803249,330.34446384338827,960,250
288.0366431817021,330.3939073178855,960,250
288.06207815898296,330.4542119519912,960,250
288.08573268785415,330.524834687725,960,250
288.10773139970433,330.57192628667207,960,250
288.142190201725,330.6099966390051,960,250
288.1882368876042,330.64616347372146,960,250
288.2170603054719,330.6871886333687,960,250
288.24386608408884,330.72616253503355,960,250
288.1707954582026,330.70985440828184,960,250
288.03283977612836,330.63436168786774,960,250
287.8345409917994,330.50931027014104,960,250
287.56612312237337,330.3371780899673,960,250
287.3024945038072,330.18031918546893,960,250
287.11331988854073,330.0246365595288,960,250
286.99338749634285,329.87673806488567,960,250
286.8538503715988,329.7362344949747,960,250
286.73808084558686,329.609422770226,960,250
286.65841518639576,329.4889516317147,40,460
286.696326123348,329.39450405012894,40,460
286.84358329471365,329.3181121809558,40,460
287.09253246408366,329.25220657190795,40,460
287.4360551915978,329.1962629099792,40,460
287.85353132818597,329.16311643114693,40,460
288.7177841352129,329.19829394292293,40,460
290.025539245748,329.3050459124434,40,460
291.81575149854564,329.4864602834879,40,460
293.62064889364746,329.7388039359802,40,460
295.4812034710921,329.97853040584783,40,460
297.3795192281156,330.2462705522221,40,460
299.2709528821475,330.53395702461097,40,460
301.14198618039717,330.84059250671373,40,460
302.96604714776936,331.15856288137803,40,460
304.7744238474255,331.4873014039758,40,460
306.0922141781057,331.832936333777,40,460
307.00975918563825,332.16128951708816,40,460
307.52707604264356,332.45989170790045,40,460
307.9661807196585,332.77023045583877,40,460
308.2625480692824,333.0783855997135,40,460
308.46816970443257,333.3911329863945,40,460
308.6313978251223,333.70157633707475,40,460
309.2171999773637,334.0098308535543,40,460
309.73399597894826,334.30933931087657,40,460
310.24261626042187,334.58720567866607,40,460
310.78563312219234,334.81117872806607,40,460
311.2626388036389,335.0039531249961,40,460
311.6782540873841,335.1670888020796,40,460
312.1207763012672,335.2954010286423,40,460
312.6303219601785,335.3972976438768,40,460
313.16019942296595,335.4540994283496,40,460
313.7089854633583,335.5013944569321,40,460
313.8833564809232,335.55965806741875,40,460
314.1435215272586,335.58834183071446,40,460
314.3574750203505,335.5955914058454,40,460
314.5284517689259,335.5758118355531,40,460
314.6734601451011,335.5436879104421,40,460
314.80831793494406,335.49317018158666,40,460
314.975735679498,335.4185116725073,40,460
315.1454341819331,335.3409194222152,40,460
315.3592537891978,335.28054011777107,40,460
315.60010602395397,335.2165131118825,40,460
315.8240986022772,335.1556874562883,40,460
316.0464117001178,335.0912364168072,40,460
316.2531628811095,335.0233412626335,40,460
316.4734414794318,334.9588408661685,40,460
316.65030057587154,334.8975654895267,40,460
316.8287795355605,334.8326872150503,40,460
317.00876496807126,334.76438618763115,40,460
317.00815142030626,334.72616687824956,40,460
316.95158082088483,334.6831918676704,40,460
316.85697016342283,334.6223656076202,40,460
316.7549822519832,334.5445806605725,40,460
316.68813349434436,334.4573516275438,40,460
316.63996414974025,334.3878173794999,40,460
316.60916665925845,334.3217598438582,40,460
316.5945249931104,334.2590051849986,40,460
316.55290824359264,334.1927215924153,40,460
316.50020466654115,334.1230855127945,40,460
316.61919033988323,334.0502645704881,40,460
316.75784701609143,333.98775134196364,40,460
316.928797724965,333.92169710819877,40,460
317.07378188421745,333.8522789194555,40,460
317.1386171523222,333.7863316401494,40,460
317.14291395165964,333.68368172480854,40,460
317.11890997504344,333.59283097190144,40,460
317.15258627679043,333.5065227566397,40,460
317.2399052374151,333.4245299521411,40,460
317.26511187079603,333.3599701212007,40,460
317.3025540398403,333.27863828180733,40,460
317.3373752570514,333.1880397010503,40,460
317.32775898905777,333.1019710493311,40,460
317.3188158598237,333.01353916353116,40,460
317.38049874963605,332.9361955386879,40,460
317.5078638371615,332.8693857617535,40,460
317.5843133685602,332.81258314033244,40,460
317.57141143276095,332.7719539833158,40,460
317.51741263246765,332.7400229508167,40,460
317.5231937481949,332.7030218032759,40,460
317.4725701858212,332.67453737977877,40,460
317.4394902728137,332.6474771774565,40,460
317.45072595371676,332.628436651917,40,460
317.46117513695657,332.6036814859878,40,460
317.47089287736964,332.5668307450218,40,460
317.47993037595376,332.5384892077707,40,460
317.55833524963697,332.51823141404884,40,460
317.7152517821624,332.48565317667976,40,460
317.889184157411,332.46803718451247,40,460
318.0649412663922,332.4513019919535,40,460
318.24239537774474,332.4354035590225,40,460
318.3794277013026,332.40696671440475,40,460
318.52086776221137,332.3732850453511,40,460
318.66640701885655,332.34128745975016,40,460
318.80175852753655,332.317556420096,40,460
318.871635430609,332.2950119324246,40,460
318.93662095046636,332.26692800246997,40,460
318.94105748393366,332.2402482690131,40,460
318.9591834600583,332.21490252222907,40,460
318.97604061785415,332.19082406278426,40,460
319.0337177746044,332.16128285964504,40,460
319.12935753038204,332.11988538332946,40,460
319.1903025032552,332.09389111416294,40,460
319.23298132802734,332.0691965584548,40,460
319.2586726350654,332.04573673053204,40,460
319.2965655506108,332.03011656067207,40,460
319.3458059620681,332.0152773993051,40,460
319.40559954472326,332.0078468626732,40,460
319.4332075765926,332.0007878528729,40,460
319.43088304623114,331.9940817935626,40,460
319.442721232995,331.9810443705511,40,460
319.46773074668533,331.9686588186902,40,460
319.50498959441734,331.95022587775566,40,460
319.55364032280806,331.93271458386783,40,460
319.5848855002115,331.9227455213411,40,460
319.65594351519667,331.9199415786074,40,460
319.6380274691329,331.93727783301034,40,460
319.6493655462936,331.9470806080265,40,460
319.687909958053,331.9363932442918,40,460
319.7517562609893,331.91290691541053,40,460
319.81113332272,331.8705949029733,40,460
319.8523539901296,331.830398491158,40,460
319.9046892108205,331.7788785666001,500,460
319.95336096606303,331.7299346382701,500,460
319.9846256984386,331.69010457302323,500,460
320.01370189954787,331.6455993443721,500,460
320.1107427665795,331.6033193771535,500,460
320.1869907729189,331.5564867416292,500,460
320.15990141881457,331.5253290712144,500,460
320.03670831949756,331.502395950987,500,460
320.02013873713275,331.50727615343766,500,460
320.0887290255335,331.5119123457657,500,460
320.23651799374613,331.53631672847746,500,460
320.45796173418387,331.57283422538694,500,460
320.789904412791,331.6408591807842,500,460
321.1826111038956,331.7254828884117,500,460
321.61782832662294,331.8058754106578,500,460
322.12058034375934,331.8889149734582,500,460
322.78413971969616,331.9944692247853,500,460
323.5832499393174,332.0880790968793,500,460
324.2844224435652,332.1836751420353,500,460
324.9225128725156,332.28782471826685,500,460
325.5159369714395,332.4001001490202,500,460
326.05382138343873,332.50676180823586,500,460
326.540053886598,332.60809038449077,500,460
326.97825011453614,332.69768586526624,500,460
327.3857726065186,332.7761349053362,500,460
327.7647685240622,332.8373281600694,500,460
328.08923472737786,332.90212841873256,500,460
328.39098829646144,332.94368866446257,500,460
328.68561911570913,332.9831708979061,500,460
328.9456257776095,333.0273456863441,500,460
329.17343197317683,333.0693117353602,500,460
329.38529173505447,333.0891794819255,500,460
329.58232131360063,333.1147205078292,500,460
329.7655588216486,333.14565114910437,500,460
329.9359697041332,333.16836859164914,500,460
330.08045182484386,333.1832834954,500,460
330.22882019710477,333.19745265396335,500,460
330.38080278330744,333.22424668793184,500,460
330.5501465884759,333.26970102020186,500,460
330.72163632728257,333.31954930252505,500,460
330.8811217843728,333.3735718373988,500,460
331.0434432594667,333.4182265788622,500,460
331.20840223130404,333.46064858325235,500,460
331.36181407511276,333.50761615408976,500,460
331.53248708985484,333.5655686797186,500,460
331.705212993565,333.6339569123993,500,460
331.8518480840154,333.698925733446,500,460
331.9602187181343,333.76731278010703,500,460
332.01900340786483,333.83894714110164,500,460
332.05967316931424,333.90699978404655,500,460
332.0974960474622,333.9716497948442,500,460
332.1326713241398,334.0397339717686,500,460
332.17938433144997,334.0910806065135,500,460
332.2088274282484,334.1131932428545,500,460
332.194209508271,334.13420024737843,500,460
332.180614842692,334.1474902350095,500,460
332.16797180370355,334.17344905659235,500,460
332.1562137774443,334.2047766037627,500,460
332.1312788130232,334.2278711069079,500,460
332.12208929611154,334.2298108848958,500,460
332.1135430453837,334.218320340651,500,460
332.10559503220685,334.20740432361845,500,460
332.0562033799523,334.1837007741042,500,460
332.01026914335563,334.1411824020656,500,460
331.9815503033207,334.09412328196237,500,460
331.95484178208824,334.04941711786427,500,460
331.930002857342,333.9936129286377,500,460
331.892902657328,333.9339322822058,500,460
331.872399471315,333.86390233476214,500,460
331.86733150832293,333.79737388469067,500,460
331.8766183027403,333.7408385237894,500,460
331.8712550215485,333.6871299309333,500,460
331.8802671700401,333.6427734343866,500,460
331.88864846813726,333.59396809600054,500,460
331.89644307536764,333.5476030245338,500,460
331.9036920600919,333.50355620664044,500,460
331.92443361588545,333.45504506297505,500,460
331.94372326277346,333.4022928098263,500,460
331.9476626343793,333.352178169335,500,460
331.95132624997274,333.3045692608682,500,460
331.95473341247464,333.2593407978248,500,460
331.9159020736014,333.2497070912668,500,460
331.8517889284493,333.23388840337014,500,460
331.8201637034578,333.2321939832016,500,460
331.8047522442157,333.24391761737485,500,460
331.7904195871206,333.2483884031728,500,460
331.79109021602216,333.26596898301415,500,460
331.8197139009006,333.2693372005301,500,460
331.86033392783753,333.27920367383695,500,460
331.8841105528889,333.2952434901451,500,460
331.87822281418664,333.3171479823045,500,460
331.90074721719355,333.3446239165226,500,460
331.93569491199,333.37739272069643,500,460
331.9401962681507,333.4218564179949,500,460
331.9583825293802,333.5240969304284,500,460
331.96129575232357,333.63455875057366,500,460
331.92200504966087,333.7061641463783,500,460
331.88546469618456,333.78085593905934,500,460
331.8794821674516,333.8518131421063,500,460
331.90191841573,333.9058891516677,500,460
331.92278412662887,333.9505946940843,500,460
331.94218923776486,333.9663982927134,500,460
331.9602359911213,333.97474504474434,500,460
331.9770194717428,333.96934112584046,500,460
331.9646281087208,333.9575407362151,500,460
331.9531041411103,333.93299703273766,500,460
331.9563868512326,333.8963471811008,500,460
331.9454397716463,333.8548631553791,500,460
331.935258987631,333.8087866642768,500,460
331.8977908584968,333.7116806643963,500,460
331.862945498402,333.5994299645098,500,460
331.8445393135138,333.50612513295096,500,460
331.86942156156783,333.42415220963676,500,460
331.8925620522581,333.33961126582153,500,460
331.9000827086,333.25263070253044,500,460
331.921076918998,333.1899991674039,500,460
331.9266015346681,333.1238325423671,500,460
331.9037394272413,333.0676409152488,500,460
331.8264776673344,333.01425886948635,500,460
331.71262423062103,332.9568792593454,500,460
331.6067405344776,332.90903529637814,500,460
331.4942686970642,332.8702501982259,500,460
331.34766988826965,332.84007102164793,500,460
331.1973329960907,332.8047341372322,960,460
331.0435196863644,332.7578307637039,960,460
330.8864733083189,332.7199392255187,960,460
330.72642017673655,332.6706089309094,960,460
330.591570764365,332.6170784843639,960,460
330.48016081085945,332.56622456014566,960,460
330.4045495540993,332.51791333213833,960,460
330.30623108531233,332.4520176655314,960,460
330.0607949093405,332.4360834489215,960,460
329.66453926568664,332.47427927647544,960,460
329.17002151708857,332.57723197931836,960,460
328.54212001089235,332.72837038035243,960,460
327.79017161012985,332.91861852800145,960,460
327.00685959742077,333.13935426826805,960,460
326.1803794256013,333.38905322152135,960,460
325.2297528658092,333.67960056044524,960,460
324.1636701652025,334.00895386575627,960,460
323.0182132536383,334.3685061724684,960,460
321.95293832588357,334.750080863845,960,460
320.9902326430717,335.1725768206528,960,460
320.06691635805663,335.61394797962015,960,460
319.22223221299265,336.0732505806391,960,460
318.4226759580831,336.5629213849405,960,460
317.59508864101724,337.0347753156935,960,460
316.755432436146,337.46970321657545,960,460
315.9885521656158,337.8628847224133,960,460
315.28935351402265,338.2297404862926,960,460
314.65309876804105,338.5715867953113,960,460
314.00538185427814,338.89634078887906,960,460
313.37500512447866,339.19819041610174,960,460
312.78875476576513,339.47161422862996,960,460
312.2435419321616,339.72470018386514,960,460
311.7504939969102,339.9584651746719,960,460
311.3059594171265,340.1805419159383,960,460
310.8925422579276,340.3715148201414,960,460
310.49406429987266,340.55293907913426,960,460
310.09547979888157,340.7319587918442,960,460
309.5847962129599,340.87536085225196,960,460
309.13786047805263,341.01159280963935,960,460
308.70821024458894,341.1343465024907,960,460
308.29463552746773,341.2509625106995,960,460
307.910011040545,341.3550810518312,960,460
307.55231026770684,341.44732699923964,960,460
307.20564854896736,341.528293982611,960,460
306.86925315053963,341.6052126168138,960,460
306.54240543000185,341.6782853193064,960,460
306.2524370499017,341.7410377200077,960,460
306.19276645640855,341.7939858340073,960,460
306.16527280445996,341.8509532089736,960,460
306.13970370814775,341.9050722151915,960,460
306.1019244485774,341.96315193776525,960,460
306.080789737177,342.004994340877,960,460
306.0751344555746,342.05807795716646,960,460
306.06987504368436,342.1018407259748,960,460
306.06498379062646,342.1500820230094,960,460
306.0604349252826,342.20257792185896,960,460
306.0702044805128,342.252449025766,960,460
306.0232901668769,342.31315990781104,960,460
305.9796598551955,342.3775019124205,960,460
305.9670836653318,342.4452934834661,960,460
305.9693878087586,342.50969547595946,960,460
305.9575306621455,342.5708773688281,960,460
305.93250351579525,342.6290001670534,960,460
305.68522826968956,342.6242168253674,960,460
305.4692622908113,342.613005984099,960,460
305.2964139304545,342.5956890182274,960,460
305.1216649553227,342.58590456731605,960,460
304.9311484084501,342.5832760056169,960,460
304.73996801985857,342.58077887200267,960,460
304.5481702584684,342.57840659506917,960,460
304.42579834037565,342.5694862653157,960,460
304.32599245654933,342.5676786187165,960,460
304.23317298459085,342.55929468778066,960,460
304.42685087566946,342.55132995339164,960,460
304.6349713143726,342.5370967890554,960,460
304.85652332236646,342.52357528293595,960,460
305.0905666898008,342.51739651878916,960,460
305.3362270215148,342.5181933595164,960,460
305.59269113000875,342.5722836915405,960,460
305.87320275090815,342.63033617363016,960,460
306.10607855834456,342.6854860316153,960,460
306.3226530592604,342.7378783967012,960,460
306.55206734511216,342.78098447686614,960,460
306.7794226309543,342.82193525302284,960,460
306.9488630467875,342.86750515703835,960,460
307.0644426335124,342.91746323251976,960,460
307.1859316491665,342.9649234042271,960,460
307.28491643372485,343.010010567349,960,460
307.3489722833641,343.0528433723149,960,460
307.3665442235286,343.1002012036991,960,460
307.3688861278816,343.1518578101808,960,460
307.35706409892987,343.20093158633836,960,460
307.3320696120048,343.2408850070214,960,460
307.2668247391644,343.2788407566703,960,460
307.2341470074229,343.3148987188368,960,460
307.2457567169033,343.3491537828949,960,460
307.2565537467201,343.3816960937501,960,460
307.28059498444964,343.4192779557292,960,460
307.31695333553813,343.4549807246094,960,460
307.4067666020505,343.47556502171227,960,460
307.49029293990696,343.4817867706266,960,460
307.56797243411347,343.4876974320953,960,460
307.5982143637255,343.48664589382383,960,460
307.58433935826474,343.4923135991326,960,460
307.5574356031862,343.4910312525093,960,460
307.5324151109632,343.5164796898838,960,460
307.50914605319576,343.56732237205625,960,460
307.47350582947206,343.61562292012013,960,460
307.426360421409,343.6548417741141,960,460
307.3685151919104,343.69209968540844,960,460
307.3847191284766,343.7208280344713,960,460
307.4137887894832,343.7414532994144,960,460
307.4968235742194,343.76771396777696,960,460
307.616045924024,343.78599493605475,960,460
307.74092270934227,343.80336185591864,960,460
307.49305811968827,343.79986042978936,960,460
307.2345440513101,343.79653407496653,960,460
307.0081259677184,343.79337403788486,960,460
306.5175571499781,343.7637053359906,960,460
305.9773281494796,343.72885340252435,960,460
